0 16069001
1 16069002
2 16069003
3 16072001
4 16072002
5 16072003
6 16077030
7 16077031
8 16077032
9 16077033
10 16077034
11 16077035
12 16077036
13 16077037
14 16077038
15 16077039
16 16077040
17 16077041
18 16077043
19 16077044
20 16077045
21 16077046
22 16077047
23 16077054
24 16077055
25 16078001
26 16078002
27 16078003
28 16078004
29 16078005
30 16078006
31 16078007
32 16078008
33 16078009
34 16078011
35 16078012
36 16078013
37 16078014
38 16078027
39 16078028
40 16079001
41 16079002
42 16079010
43 16079011
44 16079013
45 16079014
46 16079015
47 16079016
48 16079017
49 16079018
50 16079019
51 16079020
52 16079021
53 16079022
54 16079023
55 16079024
56 16079027
57 16079028
58 16079029
59 16079030
60 16079031
61 16079032
62 16079033
63 16079034
64 16079035
65 16079036
66 16079046
67 16079047
68 16079054
69 16079057
70 16079058
71 16079059
72 16079060
73 16079061
74 16079062
75 16079063
76 16080001
77 16080002
78 16080003
79 16081001
80 16081002
81 16081003
82 16081012
83 16081013
84 16081015
85 16081016
86 16081017
87 16081018
88 16081019
89 16081020
90 16081021
91 16081022
92 16081023
93 16081024
94 16081025
95 16081036
96 16081037
97 16081048
98 16081049
99 16081050
100 16081052
101 16081053
102 16081054
103 16081055
104 16081056
105 16081057
106 16081058
107 16081059
108 16081060
109 16081061
110 16083004
111 16083005
112 16083006
113 16083007
114 16083008
115 16083009
116 16083010
117 16083011
118 16083012
119 16083013
120 16083014
121 16083015
122 16083016
123 16083017
124 16083018
125 16083019
126 16083022
127 16083041
128 16083042
129 16083043
130 16083044
131 16083045
132 16083046
133 16083048
134 16083049
135 16083050
136 16083052
137 16083053
138 16083054
139 16083055
140 16083056
141 16083057
142 16083058
143 16083059
144 16083060
145 16085005
146 16085006
147 16085007
148 16085008
149 16085009
150 16085009
