16064074  0  11  1.0000 0.0005  1.0000 0.0005
16064075  0  11  1.0000 0.0005  1.0000 0.0005
16064076  0  11  1.0000 0.0005  1.0000 0.0005
16064077  0  11  1.0000 0.0005  1.0000 0.0005
16064078  0  11  1.0000 0.0005  1.0000 0.0005
16064079  0  11  1.0000 0.0005  1.0000 0.0005
16064080  0  11  1.0000 0.0005  1.0000 0.0005
16064081  0  11  1.0000 0.0005  1.0000 0.0005
16064082  0  11  1.0000 0.0005  1.0000 0.0005
16065001  0  11  1.0000 0.0005  1.0000 0.0005
16065002  0  11  1.0000 0.0005  1.0000 0.0005
16065003  0  11  1.0000 0.0005  1.0000 0.0005
16065004  0  11  1.0000 0.0005  1.0000 0.0005
16065005  0  11  1.0000 0.0005  1.0000 0.0005
16065006  0  11  1.0000 0.0005  1.0000 0.0005
16065007  0  11  1.0000 0.0005  1.0000 0.0005
16065008  0  11  1.0000 0.0005  1.0000 0.0005
16065009  0  11  1.0000 0.0005  1.0000 0.0005
16065010  0  11  1.0000 0.0005  1.0000 0.0005
16065011  0  11  1.0000 0.0005  1.0000 0.0005
16065012  0  11  1.0000 0.0005  1.0000 0.0005
16065013  0  11  1.0000 0.0005  1.0000 0.0005
16065014  0  11  1.0000 0.0005  1.0000 0.0005
16065015  0  11  1.0000 0.0005  1.0000 0.0005
16065016  0  11  1.0000 0.0005  1.0000 0.0005
16065017  0  11  1.0000 0.0005  1.0000 0.0005
16065018  0  11  1.0000 0.0005  1.0000 0.0005
16065023  0  11  1.0000 0.0005  1.0000 0.0005
16065024  0  11  1.0000 0.0005  1.0000 0.0005
16065025  0  11  1.0000 0.0005  1.0000 0.0005
16065026  0  11  1.0000 0.0005  1.0000 0.0005
16065027  0  11  1.0000 0.0005  1.0000 0.0005
16065028  0  11  1.0000 0.0005  1.0000 0.0005
16065036  0  11  1.0000 0.0005  1.0000 0.0005
16065037  0  11  1.0000 0.0005  1.0000 0.0005
16065038  0  11  1.0000 0.0005  1.0000 0.0005
16065039  0  11  1.0000 0.0005  1.0000 0.0005
16065041  0  11  1.0000 0.0005  1.0000 0.0005
16065042  0  11  1.0000 0.0005  1.0000 0.0005
16065043  0  11  1.0000 0.0005  1.0000 0.0005
16065044  0  11  1.0000 0.0005  1.0000 0.0005
16065045  0  11  1.0000 0.0005  1.0000 0.0005
16065046  0  11  1.0000 0.0005  1.0000 0.0005
16065047  0  11  1.0000 0.0005  1.0000 0.0005
16065048  0  11  1.0000 0.0005  1.0000 0.0005
16065059  0  11  1.0000 0.0005  1.0000 0.0005
16065060  0  11  1.0000 0.0005  1.0000 0.0005
16065061  0  11  1.0000 0.0005  1.0000 0.0005
16065072  0  11  1.0000 0.0005  1.0000 0.0005
16066001  0  11  1.0000 0.0005  1.0000 0.0005
16066002  0  11  1.0000 0.0005  1.0000 0.0005
16066003  0  11  1.0000 0.0005  1.0000 0.0005
16066004  0  11  1.0000 0.0005  1.0000 0.0005
16066005  0  11  1.0000 0.0005  1.0000 0.0005
16066006  0  11  1.0000 0.0005  1.0000 0.0005
16066007  0  11  1.0000 0.0005  1.0000 0.0005
16066008  0  11  1.0000 0.0005  1.0000 0.0005
16066009  0  11  1.0000 0.0005  1.0000 0.0005
16066010  0  11  1.0000 0.0005  1.0000 0.0005
16066011  0  11  1.0000 0.0005  1.0000 0.0005
16066012  0  11  1.0000 0.0005  1.0000 0.0005
16066015  0  11  1.0000 0.0005  1.0000 0.0005
16066016  0  11  1.0000 0.0005  1.0000 0.0005
16066017  0  11  1.0000 0.0005  1.0000 0.0005
16066018  0  11  1.0000 0.0005  1.0000 0.0005
16066019  0  11  1.0000 0.0005  1.0000 0.0005
16066020  0  11  1.0000 0.0005  1.0000 0.0005
16066021  0  11  1.0000 0.0005  1.0000 0.0005
16066026  0  11  1.0000 0.0005  1.0000 0.0005
16066027  0  11  1.0000 0.0005  1.0000 0.0005
16066028  0  11  1.0000 0.0005  1.0000 0.0005
16066029  0  11  1.0000 0.0005  1.0000 0.0005
16066030  0  11  1.0000 0.0005  1.0000 0.0005
16066031  0  11  1.0000 0.0005  1.0000 0.0005
16066032  0  11  1.0000 0.0005  1.0000 0.0005
16066033  0  11  1.0000 0.0005  1.0000 0.0005
16066035  0  11  1.0000 0.0005  1.0000 0.0005
16066046  0  11  1.0000 0.0005  1.0000 0.0005
16066047  0  11  1.0000 0.0005  1.0000 0.0005
16066048  0  11  1.0000 0.0005  1.0000 0.0005
16066049  0  11  1.0000 0.0005  1.0000 0.0005
16066050  0  11  1.0000 0.0005  1.0000 0.0005
16066051  0  11  1.0000 0.0005  1.0000 0.0005
16066052  0  11  1.0000 0.0005  1.0000 0.0005
16066053  0  11  1.0000 0.0005  1.0000 0.0005
16066054  0  11  1.0000 0.0005  1.0000 0.0005
16066055  0  11  1.0000 0.0005  1.0000 0.0005
16066057  0  11  1.0000 0.0005  1.0000 0.0005
16066059  0  11  1.0000 0.0005  1.0000 0.0005
16066060  0  11  1.0000 0.0005  1.0000 0.0005
16067001  0  11  1.0000 0.0005  1.0000 0.0005
16067002  0  11  1.0000 0.0005  1.0000 0.0005
16067003  0  11  1.0000 0.0005  1.0000 0.0005
16067004  0  11  1.0000 0.0005  1.0000 0.0005
16067005  0  11  1.0000 0.0005  1.0000 0.0005
16067006  0  11  1.0000 0.0005  1.0000 0.0005
16067013  0  11  1.0000 0.0005  1.0000 0.0005
16067014  0  11  1.0000 0.0005  1.0000 0.0005
16067015  0  11  1.0000 0.0005  1.0000 0.0005
16067016  0  11  1.0000 0.0005  1.0000 0.0005
16067017  0  11  1.0000 0.0005  1.0000 0.0005
16067019  0  11  1.0000 0.0005  1.0000 0.0005
16067020  0  11  1.0000 0.0005  1.0000 0.0005
16067021  0  11  1.0000 0.0005  1.0000 0.0005
16067022  0  11  1.0000 0.0005  1.0000 0.0005
16067039  0  11  1.0000 0.0005  1.0000 0.0005
16067040  0  11  1.0000 0.0005  1.0000 0.0005
16067041  0  11  1.0000 0.0005  1.0000 0.0005
16067042  0  11  1.0000 0.0005  1.0000 0.0005
16067043  0  11  1.0000 0.0005  1.0000 0.0005
16067044  0  11  1.0000 0.0005  1.0000 0.0005
16067045  0  11  1.0000 0.0005  1.0000 0.0005
16067046  0  11  1.0000 0.0005  1.0000 0.0005
16067047  0  11  1.0000 0.0005  1.0000 0.0005
16067048  0  11  1.0000 0.0005  1.0000 0.0005
16068001  0  11  1.0000 0.0005  1.0000 0.0005
16068002  0  11  1.0000 0.0005  1.0000 0.0005
16068003  0  11  1.0000 0.0005  1.0000 0.0005
16068004  0  11  1.0000 0.0005  1.0000 0.0005
16068005  0  11  1.0000 0.0005  1.0000 0.0005
16068006  0  11  1.0000 0.0005  1.0000 0.0005
16068007  0  11  1.0000 0.0005  1.0000 0.0005
16068008  0  11  1.0000 0.0005  1.0000 0.0005
16068009  0  11  1.0000 0.0005  1.0000 0.0005
16068010  0  11  1.0000 0.0005  1.0000 0.0005
16068012  0  11  1.0000 0.0005  1.0000 0.0005
16068013  0  11  1.0000 0.0005  1.0000 0.0005
16068014  0  11  1.0000 0.0005  1.0000 0.0005
16068015  0  11  1.0000 0.0005  1.0000 0.0005
16068016  0  11  1.0000 0.0005  1.0000 0.0005
16068017  0  11  1.0000 0.0005  1.0000 0.0005
16068018  0  11  1.0000 0.0005  1.0000 0.0005
16068021  0  11  1.0000 0.0005  1.0000 0.0005
16068022  0  11  1.0000 0.0005  1.0000 0.0005
16068023  0  11  1.0000 0.0005  1.0000 0.0005
16068024  0  11  1.0000 0.0005  1.0000 0.0005
16068025  0  11  1.0000 0.0005  1.0000 0.0005
16068026  0  11  1.0000 0.0005  1.0000 0.0005
16068027  0  11  1.0000 0.0005  1.0000 0.0005
16068028  0  11  1.0000 0.0005  1.0000 0.0005
16068029  0  11  1.0000 0.0005  1.0000 0.0005
16068030  0  11  1.0000 0.0005  1.0000 0.0005
16068031  0  11  1.0000 0.0005  1.0000 0.0005
16068032  0  11  1.0000 0.0005  1.0000 0.0005
16068033  0  11  1.0000 0.0005  1.0000 0.0005
16068034  0  11  1.0000 0.0005  1.0000 0.0005
16068035  0  11  1.0000 0.0005  1.0000 0.0005
16068036  0  11  1.0000 0.0005  1.0000 0.0005
16068037  0  11  1.0000 0.0005  1.0000 0.0005
16068038  0  11  1.0000 0.0005  1.0000 0.0005
16068039  0  11  1.0000 0.0005  1.0000 0.0005
16068040  0  11  1.0000 0.0005  1.0000 0.0005
16068042  0  11  1.0000 0.0005  1.0000 0.0005
16068043  0  11  1.0000 0.0005  1.0000 0.0005
16068055  0  11  1.0000 0.0005  1.0000 0.0005
16068056  0  11  1.0000 0.0005  1.0000 0.0005
16068057  0  11  1.0000 0.0005  1.0000 0.0005
16068058  0  11  1.0000 0.0005  1.0000 0.0005
16069001  0  11  1.0000 0.0005  1.0000 0.0005
16069002  0  11  1.0000 0.0005  1.0000 0.0005
16069003  0  11  1.0000 0.0005  1.0000 0.0005
16069004  0  11  1.0000 0.0005  1.0000 0.0005
16069005  0  11  1.0000 0.0005  1.0000 0.0005
16069006  0  11  1.0000 0.0005  1.0000 0.0005
16069007  0  11  1.0000 0.0005  1.0000 0.0005
16069008  0  11  1.0000 0.0005  1.0000 0.0005
16069009  0  11  1.0000 0.0005  1.0000 0.0005
16069010  0  11  1.0000 0.0005  1.0000 0.0005
16069011  0  11  1.0000 0.0005  1.0000 0.0005
16069012  0  11  1.0000 0.0005  1.0000 0.0005
16069013  0  11  1.0000 0.0005  1.0000 0.0005
16069014  0  11  1.0000 0.0005  1.0000 0.0005
16069015  0  11  1.0000 0.0005  1.0000 0.0005
16069016  0  11  1.0000 0.0005  1.0000 0.0005
16069023  0  11  1.0000 0.0005  1.0000 0.0005
16069024  0  11  1.0000 0.0005  1.0000 0.0005
16069025  0  11  1.0000 0.0005  1.0000 0.0005
16069026  0  11  1.0000 0.0005  1.0000 0.0005
16069027  0  11  1.0000 0.0005  1.0000 0.0005
16069028  0  11  1.0000 0.0005  1.0000 0.0005
16069029  0  11  1.0000 0.0005  1.0000 0.0005
16069030  0  11  1.0000 0.0005  1.0000 0.0005
16069031  0  11  1.0000 0.0005  1.0000 0.0005
16069032  0  11  1.0000 0.0005  1.0000 0.0005
16069033  0  11  1.0000 0.0005  1.0000 0.0005
16069034  0  11  1.0000 0.0005  1.0000 0.0005
16069035  0  11  1.0000 0.0005  1.0000 0.0005
16069036  0  11  1.0000 0.0005  1.0000 0.0005
16069037  0  11  1.0000 0.0005  1.0000 0.0005
16069038  0  11  1.0000 0.0005  1.0000 0.0005
16069039  0  11  1.0000 0.0005  1.0000 0.0005
16069040  0  11  1.0000 0.0005  1.0000 0.0005
16069041  0  11  1.0000 0.0005  1.0000 0.0005
16069042  0  11  1.0000 0.0005  1.0000 0.0005
16069045  0  11  1.0000 0.0005  1.0000 0.0005
16069046  0  11  1.0000 0.0005  1.0000 0.0005
16069047  0  11  1.0000 0.0005  1.0000 0.0005
16069048  0  11  1.0000 0.0005  1.0000 0.0005
16069049  0  11  1.0000 0.0005  1.0000 0.0005
16069050  0  11  1.0000 0.0005  1.0000 0.0005
16069052  0  11  1.0000 0.0005  1.0000 0.0005
16069053  0  11  1.0000 0.0005  1.0000 0.0005
16069054  0  11  1.0000 0.0005  1.0000 0.0005
16069055  0  11  1.0000 0.0005  1.0000 0.0005
16069056  0  11  1.0000 0.0005  1.0000 0.0005
16069058  0  11  1.0000 0.0005  1.0000 0.0005
16069059  0  11  1.0000 0.0005  1.0000 0.0005
16069060  0  11  1.0000 0.0005  1.0000 0.0005
16069061  0  11  1.0000 0.0005  1.0000 0.0005
16069062  0  11  1.0000 0.0005  1.0000 0.0005
16069063  0  11  1.0000 0.0005  1.0000 0.0005
16069064  0  11  1.0000 0.0005  1.0000 0.0005
16069065  0  11  1.0000 0.0005  1.0000 0.0005
16069066  0  11  1.0000 0.0005  1.0000 0.0005
16069067  0  11  1.0000 0.0005  1.0000 0.0005
16070002  0  11  1.0000 0.0005  1.0000 0.0005
16070003  0  11  1.0000 0.0005  1.0000 0.0005
16070004  0  11  1.0000 0.0005  1.0000 0.0005
16070005  0  11  1.0000 0.0005  1.0000 0.0005
16070006  0  11  1.0000 0.0005  1.0000 0.0005
16070007  0  11  1.0000 0.0005  1.0000 0.0005
16070008  0  11  1.0000 0.0005  1.0000 0.0005
16070009  0  11  1.0000 0.0005  1.0000 0.0005
16070010  0  11  1.0000 0.0005  1.0000 0.0005
16070011  0  11  1.0000 0.0005  1.0000 0.0005
16070012  0  11  1.0000 0.0005  1.0000 0.0005
16070013  0  11  1.0000 0.0005  1.0000 0.0005
16070014  0  11  1.0000 0.0005  1.0000 0.0005
16070015  0  11  1.0000 0.0005  1.0000 0.0005
16070035  0  11  1.0000 0.0005  1.0000 0.0005
16070036  0  11  1.0000 0.0005  1.0000 0.0005
16070037  0  11  1.0000 0.0005  1.0000 0.0005
16070038  0  11  1.0000 0.0005  1.0000 0.0005
16070039  0  11  1.0000 0.0005  1.0000 0.0005
16071001  0  11  1.0000 0.0005  1.0000 0.0005
16071002  0  11  1.0000 0.0005  1.0000 0.0005
16071003  0  11  1.0000 0.0005  1.0000 0.0005
16071004  0  11  1.0000 0.0005  1.0000 0.0005
16071005  0  11  1.0000 0.0005  1.0000 0.0005
16071006  0  11  1.0000 0.0005  1.0000 0.0005
16071007  0  11  1.0000 0.0005  1.0000 0.0005
16071008  0  11  1.0000 0.0005  1.0000 0.0005
16071009  0  11  1.0000 0.0005  1.0000 0.0005
16071010  0  11  1.0000 0.0005  1.0000 0.0005
16071011  0  11  1.0000 0.0005  1.0000 0.0005
16071012  0  11  1.0000 0.0005  1.0000 0.0005
16071013  0  11  1.0000 0.0005  1.0000 0.0005
16071014  0  11  1.0000 0.0005  1.0000 0.0005
16071015  0  11  1.0000 0.0005  1.0000 0.0005
16071016  0  11  1.0000 0.0005  1.0000 0.0005
16071017  0  11  1.0000 0.0005  1.0000 0.0005
16071018  0  11  1.0000 0.0005  1.0000 0.0005
16071019  0  11  1.0000 0.0005  1.0000 0.0005
16071020  0  11  1.0000 0.0005  1.0000 0.0005
16071021  0  11  1.0000 0.0005  1.0000 0.0005
16071022  0  11  1.0000 0.0005  1.0000 0.0005
16071023  0  11  1.0000 0.0005  1.0000 0.0005
16071024  0  11  1.0000 0.0005  1.0000 0.0005
16071025  0  11  1.0000 0.0005  1.0000 0.0005
16071026  0  11  1.0000 0.0005  1.0000 0.0005
16071027  0  11  1.0000 0.0005  1.0000 0.0005
16071042  0  11  1.0000 0.0005  1.0000 0.0005
16071043  0  11  1.0000 0.0005  1.0000 0.0005
16071044  0  11  1.0000 0.0005  1.0000 0.0005
16071045  0  11  1.0000 0.0005  1.0000 0.0005
16071046  0  11  1.0000 0.0005  1.0000 0.0005
16071049  0  11  1.0000 0.0005  1.0000 0.0005
16071050  0  11  1.0000 0.0005  1.0000 0.0005
16071051  0  11  1.0000 0.0005  1.0000 0.0005
16071052  0  11  1.0000 0.0005  1.0000 0.0005
16071053  0  11  1.0000 0.0005  1.0000 0.0005
16071054  0  11  1.0000 0.0005  1.0000 0.0005
16071055  0  11  1.0000 0.0005  1.0000 0.0005
16071056  0  11  1.0000 0.0005  1.0000 0.0005
16071057  0  11  1.0000 0.0005  1.0000 0.0005
16071058  0  11  1.0000 0.0005  1.0000 0.0005
16071059  0  11  1.0000 0.0005  1.0000 0.0005
16071060  0  11  1.0000 0.0005  1.0000 0.0005
16071061  0  11  1.0000 0.0005  1.0000 0.0005
16071062  0  11  1.0000 0.0005  1.0000 0.0005
16071069  0  11  1.0000 0.0005  1.0000 0.0005
16071070  0  11  1.0000 0.0005  1.0000 0.0005
16071072  0  11  1.0000 0.0005  1.0000 0.0005
16071073  0  11  1.0000 0.0005  1.0000 0.0005
16071074  0  11  1.0000 0.0005  1.0000 0.0005
16071076  0  11  1.0000 0.0005  1.0000 0.0005
16071077  0  11  1.0000 0.0005  1.0000 0.0005
16071078  0  11  1.0000 0.0005  1.0000 0.0005
16071079  0  11  1.0000 0.0005  1.0000 0.0005
16072001  0  11  1.0000 0.0005  1.0000 0.0005
16072002  0  11  1.0000 0.0005  1.0000 0.0005
16072003  0  11  1.0000 0.0005  1.0000 0.0005
16072005  0  11  1.0000 0.0005  1.0000 0.0005
16072006  0  11  1.0000 0.0005  1.0000 0.0005
16072007  0  11  1.0000 0.0005  1.0000 0.0005
16072008  0  11  1.0000 0.0005  1.0000 0.0005
16072009  0  11  1.0000 0.0005  1.0000 0.0005
16072010  0  11  1.0000 0.0005  1.0000 0.0005
16072011  0  11  1.0000 0.0005  1.0000 0.0005
16072012  0  11  1.0000 0.0005  1.0000 0.0005
16072013  0  11  1.0000 0.0005  1.0000 0.0005
16072014  0  11  1.0000 0.0005  1.0000 0.0005
16072021  0  11  1.0000 0.0005  1.0000 0.0005
16072022  0  11  1.0000 0.0005  1.0000 0.0005
16072023  0  11  1.0000 0.0005  1.0000 0.0005
16072024  0  11  1.0000 0.0005  1.0000 0.0005
16072025  0  11  1.0000 0.0005  1.0000 0.0005
16072026  0  11  1.0000 0.0005  1.0000 0.0005
16072027  0  11  1.0000 0.0005  1.0000 0.0005
16072031  0  11  1.0000 0.0005  1.0000 0.0005
16072032  0  11  1.0000 0.0005  1.0000 0.0005
16072033  0  11  1.0000 0.0005  1.0000 0.0005
16072034  0  11  1.0000 0.0005  1.0000 0.0005
16072035  0  11  1.0000 0.0005  1.0000 0.0005
16072036  0  11  1.0000 0.0005  1.0000 0.0005
16072038  0  11  1.0000 0.0005  1.0000 0.0005
16072039  0  11  1.0000 0.0005  1.0000 0.0005
16072040  0  11  1.0000 0.0005  1.0000 0.0005
16072041  0  11  1.0000 0.0005  1.0000 0.0005
16072042  0  11  1.0000 0.0005  1.0000 0.0005
16072043  0  11  1.0000 0.0005  1.0000 0.0005
16072046  0  11  1.0000 0.0005  1.0000 0.0005
16072047  0  11  1.0000 0.0005  1.0000 0.0005
16072048  0  11  1.0000 0.0005  1.0000 0.0005
16072055  0  11  1.0000 0.0005  1.0000 0.0005
16072056  0  11  1.0000 0.0005  1.0000 0.0005
16072057  0  11  1.0000 0.0005  1.0000 0.0005
16072058  0  11  1.0000 0.0005  1.0000 0.0005
16072059  0  11  1.0000 0.0005  1.0000 0.0005
16072060  0  11  1.0000 0.0005  1.0000 0.0005
16072061  0  11  1.0000 0.0005  1.0000 0.0005
16072062  0  11  1.0000 0.0005  1.0000 0.0005
16073001  0  11  1.0000 0.0005  1.0000 0.0005
16073003  0  11  1.0000 0.0005  1.0000 0.0005
16073004  0  11  1.0000 0.0005  1.0000 0.0005
16073007  0  11  1.0000 0.0005  1.0000 0.0005
16073008  0  11  1.0000 0.0005  1.0000 0.0005
16073009  0  11  1.0000 0.0005  1.0000 0.0005
16073010  0  11  1.0000 0.0005  1.0000 0.0005
16073011  0  11  1.0000 0.0005  1.0000 0.0005
16073012  0  11  1.0000 0.0005  1.0000 0.0005
16073013  0  11  1.0000 0.0005  1.0000 0.0005
16073014  0  11  1.0000 0.0005  1.0000 0.0005
16073015  0  11  1.0000 0.0005  1.0000 0.0005
16073017  0  11  1.0000 0.0005  1.0000 0.0005
16073018  0  11  1.0000 0.0005  1.0000 0.0005
16073019  0  11  1.0000 0.0005  1.0000 0.0005
16073020  0  11  1.0000 0.0005  1.0000 0.0005
16073021  0  11  1.0000 0.0005  1.0000 0.0005
16073023  0  11  1.0000 0.0005  1.0000 0.0005
16073024  0  11  1.0000 0.0005  1.0000 0.0005
16073025  0  11  1.0000 0.0005  1.0000 0.0005
16073026  0  11  1.0000 0.0005  1.0000 0.0005
16073029  0  11  1.0000 0.0005  1.0000 0.0005
16073030  0  11  1.0000 0.0005  1.0000 0.0005
16073031  0  11  1.0000 0.0005  1.0000 0.0005
16073032  0  11  1.0000 0.0005  1.0000 0.0005
16073033  0  11  1.0000 0.0005  1.0000 0.0005
16073034  0  11  1.0000 0.0005  1.0000 0.0005
16073035  0  11  1.0000 0.0005  1.0000 0.0005
16073037  0  11  1.0000 0.0005  1.0000 0.0005
16073038  0  11  1.0000 0.0005  1.0000 0.0005
16073039  0  11  1.0000 0.0005  1.0000 0.0005
16073040  0  11  1.0000 0.0005  1.0000 0.0005
16073042  0  11  1.0000 0.0005  1.0000 0.0005
16073043  0  11  1.0000 0.0005  1.0000 0.0005
16073044  0  11  1.0000 0.0005  1.0000 0.0005
16073045  0  11  1.0000 0.0005  1.0000 0.0005
16073046  0  11  1.0000 0.0005  1.0000 0.0005
16073047  0  11  1.0000 0.0005  1.0000 0.0005
16073048  0  11  1.0000 0.0005  1.0000 0.0005
16073049  0  11  1.0000 0.0005  1.0000 0.0005
16073050  0  11  1.0000 0.0005  1.0000 0.0005
16073051  0  11  1.0000 0.0005  1.0000 0.0005
16074024  0  11  1.0000 0.0005  1.0000 0.0005
16076019  0  11  1.0000 0.0005  1.0000 0.0005
16076028  0  11  1.0000 0.0005  1.0000 0.0005
16077011  0  11  1.0000 0.0005  1.0000 0.0005
16077019  0  11  1.0000 0.0005  1.0000 0.0005
16077020  0  11  1.0000 0.0005  1.0000 0.0005
16077021  0  11  1.0000 0.0005  1.0000 0.0005
16077026  0  11  1.0000 0.0005  1.0000 0.0005
16077027  0  11  1.0000 0.0005  1.0000 0.0005
16077028  0  11  1.0000 0.0005  1.0000 0.0005
16077029  0  11  1.0000 0.0005  1.0000 0.0005
16077030  0  11  1.0000 0.0005  1.0000 0.0005
16077031  0  11  1.0000 0.0005  1.0000 0.0005
16077032  0  11  1.0000 0.0005  1.0000 0.0005
16077033  0  11  1.0000 0.0005  1.0000 0.0005
16077034  0  11  1.0000 0.0005  1.0000 0.0005
16077035  0  11  1.0000 0.0005  1.0000 0.0005
16077036  0  11  1.0000 0.0005  1.0000 0.0005
16077037  0  11  1.0000 0.0005  1.0000 0.0005
16077038  0  11  1.0000 0.0005  1.0000 0.0005
16077039  0  11  1.0000 0.0005  1.0000 0.0005
16077040  0  11  1.0000 0.0005  1.0000 0.0005
16077041  0  11  1.0000 0.0005  1.0000 0.0005
16077043  0  11  1.0000 0.0005  1.0000 0.0005
16077044  0  11  1.0000 0.0005  1.0000 0.0005
16077045  0  11  1.0000 0.0005  1.0000 0.0005
16077046  0  11  1.0000 0.0005  1.0000 0.0005
16077047  0  11  1.0000 0.0005  1.0000 0.0005
16077048  0  11  1.0000 0.0005  1.0000 0.0005
16077054  0  11  1.0000 0.0005  1.0000 0.0005
16077055  0  11  1.0000 0.0005  1.0000 0.0005
16078001  0  11  1.0000 0.0005  1.0000 0.0005
16078002  0  11  1.0000 0.0005  1.0000 0.0005
16078003  0  11  1.0000 0.0005  1.0000 0.0005
16078004  0  11  1.0000 0.0005  1.0000 0.0005
16078005  0  11  1.0000 0.0005  1.0000 0.0005
16078006  0  11  1.0000 0.0005  1.0000 0.0005
16078007  0  11  1.0000 0.0005  1.0000 0.0005
16078008  0  11  1.0000 0.0005  1.0000 0.0005
16078009  0  11  1.0000 0.0005  1.0000 0.0005
16078010  0  11  1.0000 0.0005  1.0000 0.0005
16078011  0  11  1.0000 0.0005  1.0000 0.0005
16078012  0  11  1.0000 0.0005  1.0000 0.0005
16078013  0  11  1.0000 0.0005  1.0000 0.0005
16078014  0  11  1.0000 0.0005  1.0000 0.0005
16078015  0  11  1.0000 0.0005  1.0000 0.0005
16078024  0  11  1.0000 0.0005  1.0000 0.0005
16078025  0  11  1.0000 0.0005  1.0000 0.0005
16078027  0  11  1.0000 0.0005  1.0000 0.0005
16078028  0  11  1.0000 0.0005  1.0000 0.0005
16078029  0  11  1.0000 0.0005  1.0000 0.0005
16078030  0  11  1.0000 0.0005  1.0000 0.0005
16078031  0  11  1.0000 0.0005  1.0000 0.0005
16078032  0  11  1.0000 0.0005  1.0000 0.0005
16078033  0  11  1.0000 0.0005  1.0000 0.0005
16078034  0  11  1.0000 0.0005  1.0000 0.0005
16078035  0  11  1.0000 0.0005  1.0000 0.0005
16078036  0  11  1.0000 0.0005  1.0000 0.0005
16078037  0  11  1.0000 0.0005  1.0000 0.0005
16078038  0  11  1.0000 0.0005  1.0000 0.0005
16078039  0  11  1.0000 0.0005  1.0000 0.0005
16078040  0  11  1.0000 0.0005  1.0000 0.0005
16078041  0  11  1.0000 0.0005  1.0000 0.0005
16078042  0  11  1.0000 0.0005  1.0000 0.0005
16078043  0  11  1.0000 0.0005  1.0000 0.0005
16078055  0  11  1.0000 0.0005  1.0000 0.0005
16078056  0  11  1.0000 0.0005  1.0000 0.0005
16079001  0  11  1.0000 0.0005  1.0000 0.0005
16079002  0  11  1.0000 0.0005  1.0000 0.0005
16079009  0  11  1.0000 0.0005  1.0000 0.0005
16079010  0  11  1.0000 0.0005  1.0000 0.0005
16079011  0  11  1.0000 0.0005  1.0000 0.0005
16079013  0  11  1.0000 0.0005  1.0000 0.0005
16079014  0  11  1.0000 0.0005  1.0000 0.0005
16079015  0  11  1.0000 0.0005  1.0000 0.0005
16079016  0  11  1.0000 0.0005  1.0000 0.0005
16079017  0  11  1.0000 0.0005  1.0000 0.0005
16079018  0  11  1.0000 0.0005  1.0000 0.0005
16079019  0  11  1.0000 0.0005  1.0000 0.0005
16079020  0  11  1.0000 0.0005  1.0000 0.0005
16079021  0  11  1.0000 0.0005  1.0000 0.0005
16079022  0  11  1.0000 0.0005  1.0000 0.0005
16079023  0  11  1.0000 0.0005  1.0000 0.0005
16079024  0  11  1.0000 0.0005  1.0000 0.0005
16079026  0  11  1.0000 0.0005  1.0000 0.0005
16079027  0  11  1.0000 0.0005  1.0000 0.0005
16079028  0  11  1.0000 0.0005  1.0000 0.0005
16079029  0  11  1.0000 0.0005  1.0000 0.0005
16079030  0  11  1.0000 0.0005  1.0000 0.0005
16079031  0  11  1.0000 0.0005  1.0000 0.0005
16079032  0  11  1.0000 0.0005  1.0000 0.0005
16079033  0  11  1.0000 0.0005  1.0000 0.0005
16079034  0  11  1.0000 0.0005  1.0000 0.0005
16079035  0  11  1.0000 0.0005  1.0000 0.0005
16079036  0  11  1.0000 0.0005  1.0000 0.0005
16079037  0  11  1.0000 0.0005  1.0000 0.0005
16079038  0  11  1.0000 0.0005  1.0000 0.0005
16079045  0  11  1.0000 0.0005  1.0000 0.0005
16079046  0  11  1.0000 0.0005  1.0000 0.0005
16079047  0  11  1.0000 0.0005  1.0000 0.0005
16079048  0  11  1.0000 0.0005  1.0000 0.0005
16079049  0  11  1.0000 0.0005  1.0000 0.0005
16079051  0  11  1.0000 0.0005  1.0000 0.0005
16079052  0  11  1.0000 0.0005  1.0000 0.0005
16079054  0  11  1.0000 0.0005  1.0000 0.0005
16079055  0  11  1.0000 0.0005  1.0000 0.0005
16079057  0  11  1.0000 0.0005  1.0000 0.0005
16079058  0  11  1.0000 0.0005  1.0000 0.0005
16079059  0  11  1.0000 0.0005  1.0000 0.0005
16079060  0  11  1.0000 0.0005  1.0000 0.0005
16079061  0  11  1.0000 0.0005  1.0000 0.0005
16079062  0  11  1.0000 0.0005  1.0000 0.0005
16079063  0  11  1.0000 0.0005  1.0000 0.0005
16080001  0  11  1.0000 0.0005  1.0000 0.0005
16080002  0  11  1.0000 0.0005  1.0000 0.0005
16080003  0  11  1.0000 0.0005  1.0000 0.0005
16080004  0  11  1.0000 0.0005  1.0000 0.0005
16080005  0  11  1.0000 0.0005  1.0000 0.0005
16080006  0  11  1.0000 0.0005  1.0000 0.0005
16080007  0  11  1.0000 0.0005  1.0000 0.0005
16080011  0  11  1.0000 0.0005  1.0000 0.0005
16080012  0  11  1.0000 0.0005  1.0000 0.0005
16080013  0  11  1.0000 0.0005  1.0000 0.0005
16080014  0  11  1.0000 0.0005  1.0000 0.0005
16080015  0  11  1.0000 0.0005  1.0000 0.0005
16080016  0  11  1.0000 0.0005  1.0000 0.0005
16080020  0  11  1.0000 0.0005  1.0000 0.0005
16080021  0  11  1.0000 0.0005  1.0000 0.0005
16080022  0  11  1.0000 0.0005  1.0000 0.0005
16080023  0  11  1.0000 0.0005  1.0000 0.0005
16080024  0  11  1.0000 0.0005  1.0000 0.0005
16080025  0  11  1.0000 0.0005  1.0000 0.0005
16080026  0  11  1.0000 0.0005  1.0000 0.0005
16080027  0  11  1.0000 0.0005  1.0000 0.0005
16080028  0  11  1.0000 0.0005  1.0000 0.0005
16080029  0  11  1.0000 0.0005  1.0000 0.0005
16080030  0  11  1.0000 0.0005  1.0000 0.0005
16080031  0  11  1.0000 0.0005  1.0000 0.0005
16080032  0  11  1.0000 0.0005  1.0000 0.0005
16080033  0  11  1.0000 0.0005  1.0000 0.0005
16080035  0  11  1.0000 0.0005  1.0000 0.0005
16080043  0  11  1.0000 0.0005  1.0000 0.0005
16080044  0  11  1.0000 0.0005  1.0000 0.0005
16080045  0  11  1.0000 0.0005  1.0000 0.0005
16080046  0  11  1.0000 0.0005  1.0000 0.0005
16080047  0  11  1.0000 0.0005  1.0000 0.0005
16080048  0  11  1.0000 0.0005  1.0000 0.0005
16080049  0  11  1.0000 0.0005  1.0000 0.0005
16080050  0  11  1.0000 0.0005  1.0000 0.0005
16080051  0  11  1.0000 0.0005  1.0000 0.0005
16080052  0  11  1.0000 0.0005  1.0000 0.0005
16080053  0  11  1.0000 0.0005  1.0000 0.0005
16080054  0  11  1.0000 0.0005  1.0000 0.0005
16080055  0  11  1.0000 0.0005  1.0000 0.0005
16081001  0  11  1.0000 0.0005  1.0000 0.0005
16081002  0  11  1.0000 0.0005  1.0000 0.0005
16081003  0  11  1.0000 0.0005  1.0000 0.0005
16081004  0  11  1.0000 0.0005  1.0000 0.0005
16081011  0  11  1.0000 0.0005  1.0000 0.0005
16081012  0  11  1.0000 0.0005  1.0000 0.0005
16081013  0  11  1.0000 0.0005  1.0000 0.0005
16081015  0  11  1.0000 0.0005  1.0000 0.0005
16081016  0  11  1.0000 0.0005  1.0000 0.0005
16081017  0  11  1.0000 0.0005  1.0000 0.0005
16081018  0  11  1.0000 0.0005  1.0000 0.0005
16081019  0  11  1.0000 0.0005  1.0000 0.0005
16081020  0  11  1.0000 0.0005  1.0000 0.0005
16081021  0  11  1.0000 0.0005  1.0000 0.0005
16081022  0  11  1.0000 0.0005  1.0000 0.0005
16081023  0  11  1.0000 0.0005  1.0000 0.0005
16081024  0  11  1.0000 0.0005  1.0000 0.0005
16081025  0  11  1.0000 0.0005  1.0000 0.0005
16081026  0  11  1.0000 0.0005  1.0000 0.0005
16081027  0  11  1.0000 0.0005  1.0000 0.0005
16081035  0  11  1.0000 0.0005  1.0000 0.0005
16081036  0  11  1.0000 0.0005  1.0000 0.0005
16081037  0  11  1.0000 0.0005  1.0000 0.0005
16081048  0  11  1.0000 0.0005  1.0000 0.0005
16081049  0  11  1.0000 0.0005  1.0000 0.0005
16081050  0  11  1.0000 0.0005  1.0000 0.0005
16081051  0  11  1.0000 0.0005  1.0000 0.0005
16081052  0  11  1.0000 0.0005  1.0000 0.0005
16081053  0  11  1.0000 0.0005  1.0000 0.0005
16081054  0  11  1.0000 0.0005  1.0000 0.0005
16081055  0  11  1.0000 0.0005  1.0000 0.0005
16081056  0  11  1.0000 0.0005  1.0000 0.0005
16081057  0  11  1.0000 0.0005  1.0000 0.0005
16081058  0  11  1.0000 0.0005  1.0000 0.0005
16081059  0  11  1.0000 0.0005  1.0000 0.0005
16081060  0  11  1.0000 0.0005  1.0000 0.0005
16081061  0  11  1.0000 0.0005  1.0000 0.0005
16082001  0  11  1.0000 0.0005  1.0000 0.0005
16082002  0  11  1.0000 0.0005  1.0000 0.0005
16082003  0  11  1.0000 0.0005  1.0000 0.0005
16082010  0  11  1.0000 0.0005  1.0000 0.0005
16082011  0  11  1.0000 0.0005  1.0000 0.0005
16082012  0  11  1.0000 0.0005  1.0000 0.0005
16082013  0  11  1.0000 0.0005  1.0000 0.0005
16082014  0  11  1.0000 0.0005  1.0000 0.0005
16082015  0  11  1.0000 0.0005  1.0000 0.0005
16082016  0  11  1.0000 0.0005  1.0000 0.0005
16082017  0  11  1.0000 0.0005  1.0000 0.0005
16082018  0  11  1.0000 0.0005  1.0000 0.0005
16082019  0  11  1.0000 0.0005  1.0000 0.0005
16082020  0  11  1.0000 0.0005  1.0000 0.0005
16082022  0  11  1.0000 0.0005  1.0000 0.0005
16082023  0  11  1.0000 0.0005  1.0000 0.0005
16082024  0  11  1.0000 0.0005  1.0000 0.0005
16082025  0  11  1.0000 0.0005  1.0000 0.0005
16082026  0  11  1.0000 0.0005  1.0000 0.0005
16082027  0  11  1.0000 0.0005  1.0000 0.0005
16082028  0  11  1.0000 0.0005  1.0000 0.0005
16082029  0  11  1.0000 0.0005  1.0000 0.0005
16082030  0  11  1.0000 0.0005  1.0000 0.0005
16082039  0  11  1.0000 0.0005  1.0000 0.0005
16082040  0  11  1.0000 0.0005  1.0000 0.0005
16082041  0  11  1.0000 0.0005  1.0000 0.0005
16082042  0  11  1.0000 0.0005  1.0000 0.0005
16082043  0  11  1.0000 0.0005  1.0000 0.0005
16082044  0  11  1.0000 0.0005  1.0000 0.0005
16082045  0  11  1.0000 0.0005  1.0000 0.0005
16082046  0  11  1.0000 0.0005  1.0000 0.0005
16082047  0  11  1.0000 0.0005  1.0000 0.0005
16082048  0  11  1.0000 0.0005  1.0000 0.0005
16082049  0  11  1.0000 0.0005  1.0000 0.0005
16082050  0  11  1.0000 0.0005  1.0000 0.0005
16082051  0  11  1.0000 0.0005  1.0000 0.0005
16082052  0  11  1.0000 0.0005  1.0000 0.0005
16082053  0  11  1.0000 0.0005  1.0000 0.0005
16082054  0  11  1.0000 0.0005  1.0000 0.0005
16082055  0  11  1.0000 0.0005  1.0000 0.0005
16082056  0  11  1.0000 0.0005  1.0000 0.0005
16082057  0  11  1.0000 0.0005  1.0000 0.0005
16082058  0  11  1.0000 0.0005  1.0000 0.0005
16083002  0  11  1.0000 0.0005  1.0000 0.0005
16083003  0  11  1.0000 0.0005  1.0000 0.0005
16083004  0  11  1.0000 0.0005  1.0000 0.0005
16083005  0  11  1.0000 0.0005  1.0000 0.0005
16083006  0  11  1.0000 0.0005  1.0000 0.0005
16083007  0  11  1.0000 0.0005  1.0000 0.0005
16083008  0  11  1.0000 0.0005  1.0000 0.0005
16083009  0  11  1.0000 0.0005  1.0000 0.0005
16083010  0  11  1.0000 0.0005  1.0000 0.0005
16083011  0  11  1.0000 0.0005  1.0000 0.0005
16083012  0  11  1.0000 0.0005  1.0000 0.0005
16083013  0  11  1.0000 0.0005  1.0000 0.0005
16083014  0  11  1.0000 0.0005  1.0000 0.0005
16083015  0  11  1.0000 0.0005  1.0000 0.0005
16083016  0  11  1.0000 0.0005  1.0000 0.0005
16083017  0  11  1.0000 0.0005  1.0000 0.0005
16083018  0  11  1.0000 0.0005  1.0000 0.0005
16083019  0  11  1.0000 0.0005  1.0000 0.0005
16083021  0  11  1.0000 0.0005  1.0000 0.0005
16083022  0  11  1.0000 0.0005  1.0000 0.0005
16083041  0  11  1.0000 0.0005  1.0000 0.0005
16083042  0  11  1.0000 0.0005  1.0000 0.0005
16083043  0  11  1.0000 0.0005  1.0000 0.0005
16083044  0  11  1.0000 0.0005  1.0000 0.0005
16083045  0  11  1.0000 0.0005  1.0000 0.0005
16083046  0  11  1.0000 0.0005  1.0000 0.0005
16083047  0  11  1.0000 0.0005  1.0000 0.0005
16083048  0  11  1.0000 0.0005  1.0000 0.0005
16083049  0  11  1.0000 0.0005  1.0000 0.0005
16083050  0  11  1.0000 0.0005  1.0000 0.0005
16083051  0  11  1.0000 0.0005  1.0000 0.0005
16083052  0  11  1.0000 0.0005  1.0000 0.0005
16083053  0  11  1.0000 0.0005  1.0000 0.0005
16083054  0  11  1.0000 0.0005  1.0000 0.0005
16083055  0  11  1.0000 0.0005  1.0000 0.0005
16083056  0  11  1.0000 0.0005  1.0000 0.0005
16083057  0  11  1.0000 0.0005  1.0000 0.0005
16083058  0  11  1.0000 0.0005  1.0000 0.0005
16083059  0  11  1.0000 0.0005  1.0000 0.0005
16083060  0  11  1.0000 0.0005  1.0000 0.0005
16083061  0  11  1.0000 0.0005  1.0000 0.0005
16083068  0  11  1.0000 0.0005  1.0000 0.0005
16083069  0  11  1.0000 0.0005  1.0000 0.0005
16083074  0  11  1.0000 0.0005  1.0000 0.0005
16083075  0  11  1.0000 0.0005  1.0000 0.0005
16083078  0  11  1.0000 0.0005  1.0000 0.0005
16083079  0  11  1.0000 0.0005  1.0000 0.0005
16083080  0  11  1.0000 0.0005  1.0000 0.0005
16083081  0  11  1.0000 0.0005  1.0000 0.0005
16083082  0  11  1.0000 0.0005  1.0000 0.0005
16083083  0  11  1.0000 0.0005  1.0000 0.0005
16083084  0  11  1.0000 0.0005  1.0000 0.0005
16084001  0  11  1.0000 0.0005  1.0000 0.0005
16084002  0  11  1.0000 0.0005  1.0000 0.0005
16084003  0  11  1.0000 0.0005  1.0000 0.0005
16084004  0  11  1.0000 0.0005  1.0000 0.0005
16084005  0  11  1.0000 0.0005  1.0000 0.0005
16084006  0  11  1.0000 0.0005  1.0000 0.0005
16084007  0  11  1.0000 0.0005  1.0000 0.0005
16084008  0  11  1.0000 0.0005  1.0000 0.0005
16084009  0  11  1.0000 0.0005  1.0000 0.0005
16084010  0  11  1.0000 0.0005  1.0000 0.0005
16084011  0  11  1.0000 0.0005  1.0000 0.0005
16084012  0  11  1.0000 0.0005  1.0000 0.0005
16084013  0  11  1.0000 0.0005  1.0000 0.0005
16084014  0  11  1.0000 0.0005  1.0000 0.0005
16084015  0  11  1.0000 0.0005  1.0000 0.0005
16084016  0  11  1.0000 0.0005  1.0000 0.0005
16084017  0  11  1.0000 0.0005  1.0000 0.0005
16084018  0  11  1.0000 0.0005  1.0000 0.0005
16084019  0  11  1.0000 0.0005  1.0000 0.0005
16084020  0  11  1.0000 0.0005  1.0000 0.0005
16085004  0  11  1.0000 0.0005  1.0000 0.0005
16085005  0  11  1.0000 0.0005  1.0000 0.0005
16085006  0  11  1.0000 0.0005  1.0000 0.0005
16085007  0  11  1.0000 0.0005  1.0000 0.0005
16085008  0  11  1.0000 0.0005  1.0000 0.0005
16085009  0  11  1.0000 0.0005  1.0000 0.0005
16085010  0  11  1.0000 0.0005  1.0000 0.0005
16085011  0  11  1.0000 0.0005  1.0000 0.0005
16085012  0  11  1.0000 0.0005  1.0000 0.0005
16085013  0  11  1.0000 0.0005  1.0000 0.0005
16085014  0  11  1.0000 0.0005  1.0000 0.0005
16085022  0  11  1.0000 0.0005  1.0000 0.0005
16085023  0  11  1.0000 0.0005  1.0000 0.0005
16085024  0  11  1.0000 0.0005  1.0000 0.0005
16085025  0  11  1.0000 0.0005  1.0000 0.0005
16085026  0  11  1.0000 0.0005  1.0000 0.0005
16085027  0  11  1.0000 0.0005  1.0000 0.0005
16085028  0  11  1.0000 0.0005  1.0000 0.0005
16085029  0  11  1.0000 0.0005  1.0000 0.0005
16085030  0  11  1.0000 0.0005  1.0000 0.0005
16085031  0  11  1.0000 0.0005  1.0000 0.0005
16085032  0  11  1.0000 0.0005  1.0000 0.0005
16085033  0  11  1.0000 0.0005  1.0000 0.0005
16085034  0  11  1.0000 0.0005  1.0000 0.0005
16085035  0  11  1.0000 0.0005  1.0000 0.0005
16085036  0  11  1.0000 0.0005  1.0000 0.0005
16085037  0  11  1.0000 0.0005  1.0000 0.0005
16085038  0  11  1.0000 0.0005  1.0000 0.0005
16085048  0  11  1.0000 0.0005  1.0000 0.0005
16085049  0  11  1.0000 0.0005  1.0000 0.0005
16085050  0  11  1.0000 0.0005  1.0000 0.0005
16085051  0  11  1.0000 0.0005  1.0000 0.0005
16085052  0  11  1.0000 0.0005  1.0000 0.0005
16085053  0  11  1.0000 0.0005  1.0000 0.0005
16085054  0  11  1.0000 0.0005  1.0000 0.0005
16085055  0  11  1.0000 0.0005  1.0000 0.0005
16085056  0  11  1.0000 0.0005  1.0000 0.0005
16085057  0  11  1.0000 0.0005  1.0000 0.0005
16085058  0  11  1.0000 0.0005  1.0000 0.0005
16085061  0  11  1.0000 0.0005  1.0000 0.0005
16085062  0  11  1.0000 0.0005  1.0000 0.0005
16085063  0  11  1.0000 0.0005  1.0000 0.0005
16085064  0  11  1.0000 0.0005  1.0000 0.0005
16085065  0  11  1.0000 0.0005  1.0000 0.0005
16085066  0  11  1.0000 0.0005  1.0000 0.0005
16085067  0  11  1.0000 0.0005  1.0000 0.0005
16085068  0  11  1.0000 0.0005  1.0000 0.0005
16085069  0  11  1.0000 0.0005  1.0000 0.0005
16085070  0  11  1.0000 0.0005  1.0000 0.0005
16085071  0  11  1.0000 0.0005  1.0000 0.0005
16085072  0  11  1.0000 0.0005  1.0000 0.0005
16085073  0  11  1.0000 0.0005  1.0000 0.0005
16085074  0  11  1.0000 0.0005  1.0000 0.0005
16086001  0  11  1.0000 0.0005  1.0000 0.0005
16086002  0  11  1.0000 0.0005  1.0000 0.0005
16086003  0  11  1.0000 0.0005  1.0000 0.0005
16086004  0  11  1.0000 0.0005  1.0000 0.0005
16086005  0  11  1.0000 0.0005  1.0000 0.0005
16086006  0  11  1.0000 0.0005  1.0000 0.0005
16086007  0  11  1.0000 0.0005  1.0000 0.0005
16086008  0  11  1.0000 0.0005  1.0000 0.0005
16086009  0  11  1.0000 0.0005  1.0000 0.0005
16086010  0  11  1.0000 0.0005  1.0000 0.0005
16086011  0  11  1.0000 0.0005  1.0000 0.0005
16086023  0  11  1.0000 0.0005  1.0000 0.0005
16086024  0  11  1.0000 0.0005  1.0000 0.0005
16086025  0  11  1.0000 0.0005  1.0000 0.0005
16086026  0  11  1.0000 0.0005  1.0000 0.0005
16086027  0  11  1.0000 0.0005  1.0000 0.0005
16086028  0  11  1.0000 0.0005  1.0000 0.0005
16086029  0  11  1.0000 0.0005  1.0000 0.0005
16086030  0  11  1.0000 0.0005  1.0000 0.0005
16086031  0  11  1.0000 0.0005  1.0000 0.0005
16086032  0  11  1.0000 0.0005  1.0000 0.0005
16086033  0  11  1.0000 0.0005  1.0000 0.0005
16086034  0  11  1.0000 0.0005  1.0000 0.0005
16086035  0  11  1.0000 0.0005  1.0000 0.0005
16086036  0  11  1.0000 0.0005  1.0000 0.0005
16086037  0  11  1.0000 0.0005  1.0000 0.0005
16086038  0  11  1.0000 0.0005  1.0000 0.0005
16086039  0  11  1.0000 0.0005  1.0000 0.0005
16086040  0  11  1.0000 0.0005  1.0000 0.0005
16086041  0  11  1.0000 0.0005  1.0000 0.0005
16086042  0  11  1.0000 0.0005  1.0000 0.0005
16086043  0  11  1.0000 0.0005  1.0000 0.0005
16086050  0  11  1.0000 0.0005  1.0000 0.0005
16086051  0  11  1.0000 0.0005  1.0000 0.0005
16086052  0  11  1.0000 0.0005  1.0000 0.0005
16086053  0  11  1.0000 0.0005  1.0000 0.0005
16086054  0  11  1.0000 0.0005  1.0000 0.0005
16087001  0  11  1.0000 0.0005  1.0000 0.0005
16087002  0  11  1.0000 0.0005  1.0000 0.0005
16087003  0  11  1.0000 0.0005  1.0000 0.0005
16087004  0  11  1.0000 0.0005  1.0000 0.0005
16087005  0  11  1.0000 0.0005  1.0000 0.0005
16087006  0  11  1.0000 0.0005  1.0000 0.0005
16087007  0  11  1.0000 0.0005  1.0000 0.0005
16087008  0  11  1.0000 0.0005  1.0000 0.0005
16087009  0  11  1.0000 0.0005  1.0000 0.0005
16087010  0  11  1.0000 0.0005  1.0000 0.0005
16087011  0  11  1.0000 0.0005  1.0000 0.0005
16087018  0  11  1.0000 0.0005  1.0000 0.0005
16087019  0  11  1.0000 0.0005  1.0000 0.0005
16087020  0  11  1.0000 0.0005  1.0000 0.0005
16087021  0  11  1.0000 0.0005  1.0000 0.0005
16087022  0  11  1.0000 0.0005  1.0000 0.0005
16087023  0  11  1.0000 0.0005  1.0000 0.0005
16087024  0  11  1.0000 0.0005  1.0000 0.0005
16087025  0  11  1.0000 0.0005  1.0000 0.0005
16087026  0  11  1.0000 0.0005  1.0000 0.0005
16087027  0  11  1.0000 0.0005  1.0000 0.0005
16087028  0  11  1.0000 0.0005  1.0000 0.0005
16087029  0  11  1.0000 0.0005  1.0000 0.0005
16087030  0  11  1.0000 0.0005  1.0000 0.0005
16087031  0  11  1.0000 0.0005  1.0000 0.0005
16087032  0  11  1.0000 0.0005  1.0000 0.0005
16087033  0  11  1.0000 0.0005  1.0000 0.0005
16087034  0  11  1.0000 0.0005  1.0000 0.0005
16087041  0  11  1.0000 0.0005  1.0000 0.0005
16087042  0  11  1.0000 0.0005  1.0000 0.0005
16087043  0  11  1.0000 0.0005  1.0000 0.0005
16087044  0  11  1.0000 0.0005  1.0000 0.0005
16087045  0  11  1.0000 0.0005  1.0000 0.0005
16087046  0  11  1.0000 0.0005  1.0000 0.0005
16087047  0  11  1.0000 0.0005  1.0000 0.0005
16087048  0  11  1.0000 0.0005  1.0000 0.0005
16087049  0  11  1.0000 0.0005  1.0000 0.0005
16087050  0  11  1.0000 0.0005  1.0000 0.0005
16087051  0  11  1.0000 0.0005  1.0000 0.0005
16087052  0  11  1.0000 0.0005  1.0000 0.0005
16087053  0  11  1.0000 0.0005  1.0000 0.0005
16087054  0  11  1.0000 0.0005  1.0000 0.0005
16087055  0  11  1.0000 0.0005  1.0000 0.0005
16088001  0  11  1.0000 0.0005  1.0000 0.0005
16088009  0  11  1.0000 0.0005  1.0000 0.0005
16088010  0  11  1.0000 0.0005  1.0000 0.0005
16088011  0  11  1.0000 0.0005  1.0000 0.0005
16088012  0  11  1.0000 0.0005  1.0000 0.0005
16088013  0  11  1.0000 0.0005  1.0000 0.0005
16088014  0  11  1.0000 0.0005  1.0000 0.0005
16088015  0  11  1.0000 0.0005  1.0000 0.0005
16088016  0  11  1.0000 0.0005  1.0000 0.0005
16088017  0  11  1.0000 0.0005  1.0000 0.0005
16088018  0  11  1.0000 0.0005  1.0000 0.0005
16088019  0  11  1.0000 0.0005  1.0000 0.0005
16088020  0  11  1.0000 0.0005  1.0000 0.0005
16088021  0  11  1.0000 0.0005  1.0000 0.0005
16088022  0  11  1.0000 0.0005  1.0000 0.0005
16088023  0  11  1.0000 0.0005  1.0000 0.0005
16088024  0  11  1.0000 0.0005  1.0000 0.0005
16088025  0  11  1.0000 0.0005  1.0000 0.0005
16088026  0  11  1.0000 0.0005  1.0000 0.0005
16088027  0  11  1.0000 0.0005  1.0000 0.0005
16088028  0  11  1.0000 0.0005  1.0000 0.0005
16088029  0  11  1.0000 0.0005  1.0000 0.0005
16088030  0  11  1.0000 0.0005  1.0000 0.0005
16088031  0  11  1.0000 0.0005  1.0000 0.0005
16088032  0  11  1.0000 0.0005  1.0000 0.0005
16088039  0  11  1.0000 0.0005  1.0000 0.0005
16088040  0  11  1.0000 0.0005  1.0000 0.0005
16088041  0  11  1.0000 0.0005  1.0000 0.0005
16088042  0  11  1.0000 0.0005  1.0000 0.0005
16088043  0  11  1.0000 0.0005  1.0000 0.0005
16088044  0  11  1.0000 0.0005  1.0000 0.0005
16088045  0  11  1.0000 0.0005  1.0000 0.0005
16088046  0  11  1.0000 0.0005  1.0000 0.0005
16088047  0  11  1.0000 0.0005  1.0000 0.0005
16088048  0  11  1.0000 0.0005  1.0000 0.0005
16088049  0  11  1.0000 0.0005  1.0000 0.0005
16088050  0  11  1.0000 0.0005  1.0000 0.0005
16089001  0  11  1.0000 0.0005  1.0000 0.0005
16089002  0  11  1.0000 0.0005  1.0000 0.0005
16089003  0  11  1.0000 0.0005  1.0000 0.0005
16089004  0  11  1.0000 0.0005  1.0000 0.0005
16089005  0  11  1.0000 0.0005  1.0000 0.0005
16089006  0  11  1.0000 0.0005  1.0000 0.0005
16089007  0  11  1.0000 0.0005  1.0000 0.0005
16089013  0  11  1.0000 0.0005  1.0000 0.0005
16089014  0  11  1.0000 0.0005  1.0000 0.0005
16089015  0  11  1.0000 0.0005  1.0000 0.0005
16089016  0  11  1.0000 0.0005  1.0000 0.0005
16089017  0  11  1.0000 0.0005  1.0000 0.0005
16089018  0  11  1.0000 0.0005  1.0000 0.0005
16089019  0  11  1.0000 0.0005  1.0000 0.0005
16089020  0  11  1.0000 0.0005  1.0000 0.0005
16089021  0  11  1.0000 0.0005  1.0000 0.0005
16089022  0  11  1.0000 0.0005  1.0000 0.0005
16089023  0  11  1.0000 0.0005  1.0000 0.0005
16089024  0  11  1.0000 0.0005  1.0000 0.0005
16089025  0  11  1.0000 0.0005  1.0000 0.0005
16089026  0  11  1.0000 0.0005  1.0000 0.0005
16089027  0  11  1.0000 0.0005  1.0000 0.0005
16089028  0  11  1.0000 0.0005  1.0000 0.0005
16089029  0  11  1.0000 0.0005  1.0000 0.0005
16089030  0  11  1.0000 0.0005  1.0000 0.0005
16089031  0  11  1.0000 0.0005  1.0000 0.0005
16089032  0  11  1.0000 0.0005  1.0000 0.0005
16089041  0  11  1.0000 0.0005  1.0000 0.0005
16089042  0  11  1.0000 0.0005  1.0000 0.0005
16089043  0  11  1.0000 0.0005  1.0000 0.0005
16089044  0  11  1.0000 0.0005  1.0000 0.0005
16089045  0  11  1.0000 0.0005  1.0000 0.0005
16089046  0  11  1.0000 0.0005  1.0000 0.0005
16089047  0  11  1.0000 0.0005  1.0000 0.0005
16089048  0  11  1.0000 0.0005  1.0000 0.0005
16089049  0  11  1.0000 0.0005  1.0000 0.0005
16089050  0  11  1.0000 0.0005  1.0000 0.0005
16089051  0  11  1.0000 0.0005  1.0000 0.0005
16089052  0  11  1.0000 0.0005  1.0000 0.0005
16089053  0  11  1.0000 0.0005  1.0000 0.0005
16089054  0  11  1.0000 0.0005  1.0000 0.0005
16090001  0  11  1.0000 0.0005  1.0000 0.0005
16090002  0  11  1.0000 0.0005  1.0000 0.0005
16090003  0  11  1.0000 0.0005  1.0000 0.0005
16090004  0  11  1.0000 0.0005  1.0000 0.0005
16090005  0  11  1.0000 0.0005  1.0000 0.0005
16090006  0  11  1.0000 0.0005  1.0000 0.0005
16090014  0  11  1.0000 0.0005  1.0000 0.0005
16090015  0  11  1.0000 0.0005  1.0000 0.0005
16090016  0  11  1.0000 0.0005  1.0000 0.0005
16090017  0  11  1.0000 0.0005  1.0000 0.0005
16090018  0  11  1.0000 0.0005  1.0000 0.0005
16090019  0  11  1.0000 0.0005  1.0000 0.0005
16090020  0  11  1.0000 0.0005  1.0000 0.0005
16090021  0  11  1.0000 0.0005  1.0000 0.0005
16090022  0  11  1.0000 0.0005  1.0000 0.0005
16090023  0  11  1.0000 0.0005  1.0000 0.0005
16090024  0  11  1.0000 0.0005  1.0000 0.0005
16090025  0  11  1.0000 0.0005  1.0000 0.0005
16090026  0  11  1.0000 0.0005  1.0000 0.0005
16090027  0  11  1.0000 0.0005  1.0000 0.0005
16090028  0  11  1.0000 0.0005  1.0000 0.0005
16090029  0  11  1.0000 0.0005  1.0000 0.0005
16090030  0  11  1.0000 0.0005  1.0000 0.0005
16090031  0  11  1.0000 0.0005  1.0000 0.0005
16090038  0  11  1.0000 0.0005  1.0000 0.0005
16090039  0  11  1.0000 0.0005  1.0000 0.0005
16090041  0  11  1.0000 0.0005  1.0000 0.0005
16090042  0  11  1.0000 0.0005  1.0000 0.0005
16090043  0  11  1.0000 0.0005  1.0000 0.0005
16090044  0  11  1.0000 0.0005  1.0000 0.0005
16090045  0  11  1.0000 0.0005  1.0000 0.0005
16090046  0  11  1.0000 0.0005  1.0000 0.0005
16090047  0  11  1.0000 0.0005  1.0000 0.0005
16090048  0  11  1.0000 0.0005  1.0000 0.0005
16090049  0  11  1.0000 0.0005  1.0000 0.0005
16090050  0  11  1.0000 0.0005  1.0000 0.0005
16090051  0  11  1.0000 0.0005  1.0000 0.0005
16090052  0  11  1.0000 0.0005  1.0000 0.0005
16090053  0  11  1.0000 0.0005  1.0000 0.0005
16090054  0  11  1.0000 0.0005  1.0000 0.0005
16091002  0  11  1.0000 0.0005  1.0000 0.0005
16091003  0  11  1.0000 0.0005  1.0000 0.0005
16091004  0  11  1.0000 0.0005  1.0000 0.0005
16091005  0  11  1.0000 0.0005  1.0000 0.0005
16091006  0  11  1.0000 0.0005  1.0000 0.0005
16091007  0  11  1.0000 0.0005  1.0000 0.0005
16091008  0  11  1.0000 0.0005  1.0000 0.0005
16091009  0  11  1.0000 0.0005  1.0000 0.0005
16091010  0  11  1.0000 0.0005  1.0000 0.0005
16091011  0  11  1.0000 0.0005  1.0000 0.0005
16091012  0  11  1.0000 0.0005  1.0000 0.0005
16091013  0  11  1.0000 0.0005  1.0000 0.0005
16091014  0  11  1.0000 0.0005  1.0000 0.0005
16091015  0  11  1.0000 0.0005  1.0000 0.0005
16091036  0  11  1.0000 0.0005  1.0000 0.0005
16091037  0  11  1.0000 0.0005  1.0000 0.0005
16091038  0  11  1.0000 0.0005  1.0000 0.0005
16091039  0  11  1.0000 0.0005  1.0000 0.0005
16091040  0  11  1.0000 0.0005  1.0000 0.0005
16091042  0  11  1.0000 0.0005  1.0000 0.0005
16091049  0  11  1.0000 0.0005  1.0000 0.0005
16091050  0  11  1.0000 0.0005  1.0000 0.0005
16091051  0  11  1.0000 0.0005  1.0000 0.0005
16091052  0  11  1.0000 0.0005  1.0000 0.0005
16091053  0  11  1.0000 0.0005  1.0000 0.0005
16091054  0  11  1.0000 0.0005  1.0000 0.0005
16091055  0  11  1.0000 0.0005  1.0000 0.0005
16091056  0  11  1.0000 0.0005  1.0000 0.0005
16091057  0  11  1.0000 0.0005  1.0000 0.0005
16091060  0  11  1.0000 0.0005  1.0000 0.0005
16091061  0  11  1.0000 0.0005  1.0000 0.0005
16091062  0  11  1.0000 0.0005  1.0000 0.0005
16091063  0  11  1.0000 0.0005  1.0000 0.0005
16092001  0  11  1.0000 0.0005  1.0000 0.0005
16092002  0  11  1.0000 0.0005  1.0000 0.0005
16092003  0  11  1.0000 0.0005  1.0000 0.0005
16092006  0  11  1.0000 0.0005  1.0000 0.0005
16092013  0  11  1.0000 0.0005  1.0000 0.0005
16092014  0  11  1.0000 0.0005  1.0000 0.0005
16092015  0  11  1.0000 0.0005  1.0000 0.0005
16092016  0  11  1.0000 0.0005  1.0000 0.0005
16092017  0  11  1.0000 0.0005  1.0000 0.0005
16092018  0  11  1.0000 0.0005  1.0000 0.0005
16092019  0  11  1.0000 0.0005  1.0000 0.0005
16092020  0  11  1.0000 0.0005  1.0000 0.0005
16092021  0  11  1.0000 0.0005  1.0000 0.0005
16092022  0  11  1.0000 0.0005  1.0000 0.0005
16092023  0  11  1.0000 0.0005  1.0000 0.0005
16092024  0  11  1.0000 0.0005  1.0000 0.0005
16092031  0  11  1.0000 0.0005  1.0000 0.0005
16092032  0  11  1.0000 0.0005  1.0000 0.0005
16092033  0  11  1.0000 0.0005  1.0000 0.0005
16092034  0  11  1.0000 0.0005  1.0000 0.0005
16092035  0  11  1.0000 0.0005  1.0000 0.0005
16092036  0  11  1.0000 0.0005  1.0000 0.0005
16092037  0  11  1.0000 0.0005  1.0000 0.0005
16092040  0  11  1.0000 0.0005  1.0000 0.0005
16092041  0  11  1.0000 0.0005  1.0000 0.0005
16092042  0  11  1.0000 0.0005  1.0000 0.0005
16092044  0  11  1.0000 0.0005  1.0000 0.0005
16092045  0  11  1.0000 0.0005  1.0000 0.0005
16092048  0  11  1.0000 0.0005  1.0000 0.0005
16092049  0  11  1.0000 0.0005  1.0000 0.0005
16092050  0  11  1.0000 0.0005  1.0000 0.0005
16092051  0  11  1.0000 0.0005  1.0000 0.0005
16092052  0  11  1.0000 0.0005  1.0000 0.0005
16092053  0  11  1.0000 0.0005  1.0000 0.0005
16092054  0  11  1.0000 0.0005  1.0000 0.0005
16092055  0  11  1.0000 0.0005  1.0000 0.0005
16092056  0  11  1.0000 0.0005  1.0000 0.0005
16092063  0  11  1.0000 0.0005  1.0000 0.0005
16092064  0  11  1.0000 0.0005  1.0000 0.0005
16092065  0  11  1.0000 0.0005  1.0000 0.0005
16092066  0  11  1.0000 0.0005  1.0000 0.0005
16092067  0  11  1.0000 0.0005  1.0000 0.0005
16092068  0  11  1.0000 0.0005  1.0000 0.0005
16092069  0  11  1.0000 0.0005  1.0000 0.0005
16092070  0  11  1.0000 0.0005  1.0000 0.0005
16092071  0  11  1.0000 0.0005  1.0000 0.0005
16093001  0  11  1.0000 0.0005  1.0000 0.0005
16093002  0  11  1.0000 0.0005  1.0000 0.0005
16093003  0  11  1.0000 0.0005  1.0000 0.0005
16093004  0  11  1.0000 0.0005  1.0000 0.0005
16093005  0  11  1.0000 0.0005  1.0000 0.0005
16093009  0  11  1.0000 0.0005  1.0000 0.0005
16093010  0  11  1.0000 0.0005  1.0000 0.0005
16093011  0  11  1.0000 0.0005  1.0000 0.0005
16093012  0  11  1.0000 0.0005  1.0000 0.0005
16093013  0  11  1.0000 0.0005  1.0000 0.0005
16093014  0  11  1.0000 0.0005  1.0000 0.0005
16093015  0  11  1.0000 0.0005  1.0000 0.0005
16093016  0  11  1.0000 0.0005  1.0000 0.0005
16093017  0  11  1.0000 0.0005  1.0000 0.0005
16093018  0  11  1.0000 0.0005  1.0000 0.0005
16093019  0  11  1.0000 0.0005  1.0000 0.0005
16093060  0  11  1.0000 0.0005  1.0000 0.0005
16093061  0  11  1.0000 0.0005  1.0000 0.0005
16093062  0  11  1.0000 0.0005  1.0000 0.0005
16093064  0  11  1.0000 0.0005  1.0000 0.0005
16093065  0  11  1.0000 0.0005  1.0000 0.0005
16093066  0  11  1.0000 0.0005  1.0000 0.0005
16093067  0  11  1.0000 0.0005  1.0000 0.0005
16093068  0  11  1.0000 0.0005  1.0000 0.0005
16093069  0  11  1.0000 0.0005  1.0000 0.0005
16093070  0  11  1.0000 0.0005  1.0000 0.0005
16093071  0  11  1.0000 0.0005  1.0000 0.0005
16093072  0  11  1.0000 0.0005  1.0000 0.0005
16093074  0  11  1.0000 0.0005  1.0000 0.0005
16093075  0  11  1.0000 0.0005  1.0000 0.0005
16093076  0  11  1.0000 0.0005  1.0000 0.0005
16093077  0  11  1.0000 0.0005  1.0000 0.0005
16094001  0  11  1.0000 0.0005  1.0000 0.0005
16094002  0  11  1.0000 0.0005  1.0000 0.0005
16094003  0  11  1.0000 0.0005  1.0000 0.0005
16094004  0  11  1.0000 0.0005  1.0000 0.0005
16094005  0  11  1.0000 0.0005  1.0000 0.0005
16094016  0  11  1.0000 0.0005  1.0000 0.0005
16094017  0  11  1.0000 0.0005  1.0000 0.0005
16094018  0  11  1.0000 0.0005  1.0000 0.0005
16094019  0  11  1.0000 0.0005  1.0000 0.0005
16094020  0  11  1.0000 0.0005  1.0000 0.0005
16094021  0  11  1.0000 0.0005  1.0000 0.0005
16094022  0  11  1.0000 0.0005  1.0000 0.0005
16094023  0  11  1.0000 0.0005  1.0000 0.0005
16094025  0  11  1.0000 0.0005  1.0000 0.0005
16094026  0  11  1.0000 0.0005  1.0000 0.0005
16094027  0  11  1.0000 0.0005  1.0000 0.0005
16094028  0  11  1.0000 0.0005  1.0000 0.0005
16094029  0  11  1.0000 0.0005  1.0000 0.0005
16094030  0  11  1.0000 0.0005  1.0000 0.0005
16094032  0  11  1.0000 0.0005  1.0000 0.0005
16094033  0  11  1.0000 0.0005  1.0000 0.0005
16094034  0  11  1.0000 0.0005  1.0000 0.0005
16094035  0  11  1.0000 0.0005  1.0000 0.0005
16094048  0  11  1.0000 0.0005  1.0000 0.0005
16094049  0  11  1.0000 0.0005  1.0000 0.0005
16094050  0  11  1.0000 0.0005  1.0000 0.0005
16094051  0  11  1.0000 0.0005  1.0000 0.0005
16094052  0  11  1.0000 0.0005  1.0000 0.0005
16094053  0  11  1.0000 0.0005  1.0000 0.0005
16094054  0  11  1.0000 0.0005  1.0000 0.0005
16095001  0  11  1.0000 0.0005  1.0000 0.0005
16095002  0  11  1.0000 0.0005  1.0000 0.0005
16095003  0  11  1.0000 0.0005  1.0000 0.0005
16095004  0  11  1.0000 0.0005  1.0000 0.0005
16095005  0  11  1.0000 0.0005  1.0000 0.0005
16095006  0  11  1.0000 0.0005  1.0000 0.0005
16095007  0  11  1.0000 0.0005  1.0000 0.0005
16095008  0  11  1.0000 0.0005  1.0000 0.0005
16095009  0  11  1.0000 0.0005  1.0000 0.0005
16095016  0  11  1.0000 0.0005  1.0000 0.0005
16095017  0  11  1.0000 0.0005  1.0000 0.0005
16095018  0  11  1.0000 0.0005  1.0000 0.0005
16095019  0  11  1.0000 0.0005  1.0000 0.0005
16095020  0  11  1.0000 0.0005  1.0000 0.0005
16095021  0  11  1.0000 0.0005  1.0000 0.0005
16095022  0  11  1.0000 0.0005  1.0000 0.0005
16095023  0  11  1.0000 0.0005  1.0000 0.0005
16095024  0  11  1.0000 0.0005  1.0000 0.0005
16095025  0  11  1.0000 0.0005  1.0000 0.0005
16095026  0  11  1.0000 0.0005  1.0000 0.0005
16095027  0  11  1.0000 0.0005  1.0000 0.0005
16095028  0  11  1.0000 0.0005  1.0000 0.0005
16095029  0  11  1.0000 0.0005  1.0000 0.0005
16095030  0  11  1.0000 0.0005  1.0000 0.0005
16095031  0  11  1.0000 0.0005  1.0000 0.0005
16095032  0  11  1.0000 0.0005  1.0000 0.0005
16095033  0  11  1.0000 0.0005  1.0000 0.0005
16095034  0  11  1.0000 0.0005  1.0000 0.0005
16095035  0  11  1.0000 0.0005  1.0000 0.0005
16095036  0  11  1.0000 0.0005  1.0000 0.0005
16095037  0  11  1.0000 0.0005  1.0000 0.0005
16095038  0  11  1.0000 0.0005  1.0000 0.0005
16095039  0  11  1.0000 0.0005  1.0000 0.0005
16095040  0  11  1.0000 0.0005  1.0000 0.0005
16095041  0  11  1.0000 0.0005  1.0000 0.0005
16095042  0  11  1.0000 0.0005  1.0000 0.0005
16095043  0  11  1.0000 0.0005  1.0000 0.0005
16095044  0  11  1.0000 0.0005  1.0000 0.0005
16095045  0  11  1.0000 0.0005  1.0000 0.0005
16095046  0  11  1.0000 0.0005  1.0000 0.0005
16096053  0  11  1.0000 0.0005  1.0000 0.0005
16096054  0  11  1.0000 0.0005  1.0000 0.0005
16096062  0  11  1.0000 0.0005  1.0000 0.0005
16096063  0  11  1.0000 0.0005  1.0000 0.0005
16096064  0  11  1.0000 0.0005  1.0000 0.0005
16096065  0  11  1.0000 0.0005  1.0000 0.0005
16096066  0  11  1.0000 0.0005  1.0000 0.0005
16096067  0  11  1.0000 0.0005  1.0000 0.0005
16096068  0  11  1.0000 0.0005  1.0000 0.0005
16096069  0  11  1.0000 0.0005  1.0000 0.0005
16097001  0  11  1.0000 0.0005  1.0000 0.0005
16097002  0  11  1.0000 0.0005  1.0000 0.0005
16097003  0  11  1.0000 0.0005  1.0000 0.0005
16097004  0  11  1.0000 0.0005  1.0000 0.0005
16097005  0  11  1.0000 0.0005  1.0000 0.0005
16097006  0  11  1.0000 0.0005  1.0000 0.0005
16097007  0  11  1.0000 0.0005  1.0000 0.0005
16097008  0  11  1.0000 0.0005  1.0000 0.0005
16097009  0  11  1.0000 0.0005  1.0000 0.0005
16097010  0  11  1.0000 0.0005  1.0000 0.0005
16097011  0  11  1.0000 0.0005  1.0000 0.0005
16097012  0  11  1.0000 0.0005  1.0000 0.0005
16097013  0  11  1.0000 0.0005  1.0000 0.0005
16097014  0  11  1.0000 0.0005  1.0000 0.0005
16097015  0  11  1.0000 0.0005  1.0000 0.0005
16097016  0  11  1.0000 0.0005  1.0000 0.0005
16097028  0  11  1.0000 0.0005  1.0000 0.0005
16097029  0  11  1.0000 0.0005  1.0000 0.0005
16097030  0  11  1.0000 0.0005  1.0000 0.0005
16097031  0  11  1.0000 0.0005  1.0000 0.0005
16097032  0  11  1.0000 0.0005  1.0000 0.0005
16097033  0  11  1.0000 0.0005  1.0000 0.0005
16097035  0  11  1.0000 0.0005  1.0000 0.0005
16097036  0  11  1.0000 0.0005  1.0000 0.0005
16097037  0  11  1.0000 0.0005  1.0000 0.0005
16097038  0  11  1.0000 0.0005  1.0000 0.0005
16097039  0  11  1.0000 0.0005  1.0000 0.0005
16097040  0  11  1.0000 0.0005  1.0000 0.0005
16097041  0  11  1.0000 0.0005  1.0000 0.0005
16097042  0  11  1.0000 0.0005  1.0000 0.0005
16097044  0  11  1.0000 0.0005  1.0000 0.0005
16097045  0  11  1.0000 0.0005  1.0000 0.0005
16097047  0  11  1.0000 0.0005  1.0000 0.0005
16097048  0  11  1.0000 0.0005  1.0000 0.0005
16097049  0  11  1.0000 0.0005  1.0000 0.0005
16097050  0  11  1.0000 0.0005  1.0000 0.0005
16097057  0  11  1.0000 0.0005  1.0000 0.0005
16097058  0  11  1.0000 0.0005  1.0000 0.0005
16097059  0  11  1.0000 0.0005  1.0000 0.0005
16097060  0  11  1.0000 0.0005  1.0000 0.0005
16097061  0  11  1.0000 0.0005  1.0000 0.0005
16097062  0  11  1.0000 0.0005  1.0000 0.0005
16097063  0  11  1.0000 0.0005  1.0000 0.0005
16097064  0  11  1.0000 0.0005  1.0000 0.0005
16097065  0  11  1.0000 0.0005  1.0000 0.0005
16097066  0  11  1.0000 0.0005  1.0000 0.0005
16098001  0  11  1.0000 0.0005  1.0000 0.0005
16098002  0  11  1.0000 0.0005  1.0000 0.0005
16098003  0  11  1.0000 0.0005  1.0000 0.0005
16098004  0  11  1.0000 0.0005  1.0000 0.0005
16098005  0  11  1.0000 0.0005  1.0000 0.0005
16098006  0  11  1.0000 0.0005  1.0000 0.0005
16098007  0  11  1.0000 0.0005  1.0000 0.0005
16098008  0  11  1.0000 0.0005  1.0000 0.0005
16098009  0  11  1.0000 0.0005  1.0000 0.0005
16098010  0  11  1.0000 0.0005  1.0000 0.0005
16098011  0  11  1.0000 0.0005  1.0000 0.0005
16098012  0  11  1.0000 0.0005  1.0000 0.0005
16098013  0  11  1.0000 0.0005  1.0000 0.0005
16098014  0  11  1.0000 0.0005  1.0000 0.0005
16098027  0  11  1.0000 0.0005  1.0000 0.0005
16099001  0  11  1.0000 0.0005  1.0000 0.0005
16099002  0  11  1.0000 0.0005  1.0000 0.0005
16099003  0  11  1.0000 0.0005  1.0000 0.0005
16099004  0  11  1.0000 0.0005  1.0000 0.0005
16099005  0  11  1.0000 0.0005  1.0000 0.0005
16099006  0  11  1.0000 0.0005  1.0000 0.0005
16099007  0  11  1.0000 0.0005  1.0000 0.0005
16099008  0  11  1.0000 0.0005  1.0000 0.0005
16099009  0  11  1.0000 0.0005  1.0000 0.0005
16099010  0  11  1.0000 0.0005  1.0000 0.0005
16099011  0  11  1.0000 0.0005  1.0000 0.0005
16099012  0  11  1.0000 0.0005  1.0000 0.0005
16099013  0  11  1.0000 0.0005  1.0000 0.0005
16099014  0  11  1.0000 0.0005  1.0000 0.0005
16099022  0  11  1.0000 0.0005  1.0000 0.0005
16099023  0  11  1.0000 0.0005  1.0000 0.0005
16099024  0  11  1.0000 0.0005  1.0000 0.0005
16099025  0  11  1.0000 0.0005  1.0000 0.0005
16099026  0  11  1.0000 0.0005  1.0000 0.0005
16099027  0  11  1.0000 0.0005  1.0000 0.0005
16099028  0  11  1.0000 0.0005  1.0000 0.0005
16099029  0  11  1.0000 0.0005  1.0000 0.0005
16099030  0  11  1.0000 0.0005  1.0000 0.0005
16099033  0  11  1.0000 0.0005  1.0000 0.0005
16099042  0  11  1.0000 0.0005  1.0000 0.0005
16099043  0  11  1.0000 0.0005  1.0000 0.0005
16099045  0  11  1.0000 0.0005  1.0000 0.0005
16099046  0  11  1.0000 0.0005  1.0000 0.0005
16099047  0  11  1.0000 0.0005  1.0000 0.0005
16099048  0  11  1.0000 0.0005  1.0000 0.0005
16099049  0  11  1.0000 0.0005  1.0000 0.0005
16099050  0  11  1.0000 0.0005  1.0000 0.0005
16099051  0  11  1.0000 0.0005  1.0000 0.0005
16099052  0  11  1.0000 0.0005  1.0000 0.0005
16099053  0  11  1.0000 0.0005  1.0000 0.0005
16099054  0  11  1.0000 0.0005  1.0000 0.0005
16099055  0  11  1.0000 0.0005  1.0000 0.0005
16099056  0  11  1.0000 0.0005  1.0000 0.0005
16099057  0  11  1.0000 0.0005  1.0000 0.0005
16099058  0  11  1.0000 0.0005  1.0000 0.0005
16099059  0  11  1.0000 0.0005  1.0000 0.0005
16099060  0  11  1.0000 0.0005  1.0000 0.0005
16099061  0  11  1.0000 0.0005  1.0000 0.0005
16100022  0  11  1.0000 0.0005  1.0000 0.0005
16100023  0  11  1.0000 0.0005  1.0000 0.0005
16100024  0  11  1.0000 0.0005  1.0000 0.0005
16100025  0  11  1.0000 0.0005  1.0000 0.0005
16100032  0  11  1.0000 0.0005  1.0000 0.0005
16100033  0  11  1.0000 0.0005  1.0000 0.0005
16100034  0  11  1.0000 0.0005  1.0000 0.0005
16100035  0  11  1.0000 0.0005  1.0000 0.0005
16100036  0  11  1.0000 0.0005  1.0000 0.0005
16100037  0  11  1.0000 0.0005  1.0000 0.0005
16100038  0  11  1.0000 0.0005  1.0000 0.0005
16100039  0  11  1.0000 0.0005  1.0000 0.0005
16100051  0  11  1.0000 0.0005  1.0000 0.0005
16100052  0  11  1.0000 0.0005  1.0000 0.0005
16100053  0  11  1.0000 0.0005  1.0000 0.0005
16100054  0  11  1.0000 0.0005  1.0000 0.0005
16100055  0  11  1.0000 0.0005  1.0000 0.0005
16100056  0  11  1.0000 0.0005  1.0000 0.0005
16100057  0  11  1.0000 0.0005  1.0000 0.0005
16100068  0  11  1.0000 0.0005  1.0000 0.0005
16100069  0  11  1.0000 0.0005  1.0000 0.0005
16100070  0  11  1.0000 0.0005  1.0000 0.0005
16100071  0  11  1.0000 0.0005  1.0000 0.0005
16100072  0  11  1.0000 0.0005  1.0000 0.0005
16100073  0  11  1.0000 0.0005  1.0000 0.0005
16100074  0  11  1.0000 0.0005  1.0000 0.0005
16100075  0  11  1.0000 0.0005  1.0000 0.0005
16100076  0  11  1.0000 0.0005  1.0000 0.0005
16100077  0  11  1.0000 0.0005  1.0000 0.0005
16100078  0  11  1.0000 0.0005  1.0000 0.0005
16100079  0  11  1.0000 0.0005  1.0000 0.0005
16100080  0  11  1.0000 0.0005  1.0000 0.0005
16100081  0  11  1.0000 0.0005  1.0000 0.0005
16100082  0  11  1.0000 0.0005  1.0000 0.0005
16100083  0  11  1.0000 0.0005  1.0000 0.0005
16100084  0  11  1.0000 0.0005  1.0000 0.0005
16100085  0  11  1.0000 0.0005  1.0000 0.0005
16100086  0  11  1.0000 0.0005  1.0000 0.0005
16100088  0  11  1.0000 0.0005  1.0000 0.0005
16100089  0  11  1.0000 0.0005  1.0000 0.0005
16101002  0  11  1.0000 0.0005  1.0000 0.0005
16101003  0  11  1.0000 0.0005  1.0000 0.0005
16101004  0  11  1.0000 0.0005  1.0000 0.0005
16101005  0  11  1.0000 0.0005  1.0000 0.0005
16101006  0  11  1.0000 0.0005  1.0000 0.0005
16101007  0  11  1.0000 0.0005  1.0000 0.0005
16101008  0  11  1.0000 0.0005  1.0000 0.0005
16101009  0  11  1.0000 0.0005  1.0000 0.0005
16101010  0  11  1.0000 0.0005  1.0000 0.0005
16101011  0  11  1.0000 0.0005  1.0000 0.0005
16101012  0  11  1.0000 0.0005  1.0000 0.0005
16101013  0  11  1.0000 0.0005  1.0000 0.0005
16101014  0  11  1.0000 0.0005  1.0000 0.0005
16101015  0  11  1.0000 0.0005  1.0000 0.0005
16101016  0  11  1.0000 0.0005  1.0000 0.0005
16101017  0  11  1.0000 0.0005  1.0000 0.0005
16101018  0  11  1.0000 0.0005  1.0000 0.0005
16101019  0  11  1.0000 0.0005  1.0000 0.0005
16101020  0  11  1.0000 0.0005  1.0000 0.0005
16101021  0  11  1.0000 0.0005  1.0000 0.0005
16101022  0  11  1.0000 0.0005  1.0000 0.0005
16101023  0  11  1.0000 0.0005  1.0000 0.0005
