0 16069001 18763 0.960618
1 16069002 18763 0.960769
2 16069003 18763 0.960867
3 16070004 18766 0.998628
4 16070005 18766 0.998663
5 16070006 18766 0.998775
7 16070009 18766 0.998942
8 16070010 18766 0.998985
9 16070012 18766 0.999081
10 16070013 18766 0.999010
11 16070039 18772 1.002346
12 16071001 18772 1.002277
13 16071002 18772 1.002318
14 16071006 18772 1.002481
15 16071007 18772 1.002384
16 16071010 18772 1.002698
17 16071016 18772 1.002617
18 16071018 18772 1.002532
19 16072001 18777 1.035495
20 16072002 18777 1.035529
21 16072003 18777 1.035872
22 16077020 18786 0.973971
23 16077027 18787 0.976319
24 16077028 18787 0.975439
