16077020
16077027
16077028
16077029
16077030
16077031
16077032
16077033
16077034
16077035
16077036
16077037
16077038
16077039
16077040
16077041
16077043
16077044
16077045
16077046
16077047
16077048
16077054
16077019
16077021
16077055
16078001
16078002
16078003
16078004
16078005
16078006
16078007
16078008
16078009
16078011
16078012
16078013
16078014
16078027
16078028
16079001
16079002
16079010
16079011
16079013
16079014
16079015
16079016
16079017
16079018
16079019
16079020
16079021
16079022
16079023
16079024
16079027
16079028
16079029
16079030
16079031
16079032
16079033
16079034
16079035
16079036
16079038
16079045
16079046
16079047
16079054
16079057
16079058
16079059
16079060
16079061
16079062
16079063
16080001
16080002
16080003
16080006
16080007
16080012
16080013
16080014
16080015
16080016
16080020
16080021
16080022
16080023
16080024
16080025
16080026
16080027
16080028
16080029
16080030
16080031
16080032
16080033
16080035
16080043
16080044
16080045
16080046
16080047
16080048
16080049
16080050
16080051
16080052
16080053
16080054
16080055
16080004
16080005
16081001
16081002
16081003
16081004
16081012
16081013
16081015
16081016
16081017
16081018
16081019
16081020
16081021
16081022
16081023
16081024
16081025
16081027
16081036
16081037
16081048
16081049
16081050
16081052
16081053
16081054
16081055
16081056
16081057
16081058
16081059
16081060
16081061
16082001
16082002
16082003
16082011
16082012
16082013
16082017
16082018
16082019
16082022
16082023
16082024
16082025
16082026
16082027
16082028
16082029
16082030
16082039
16082040
16082041
16082042
16082043
16082044
16082045
16082046
16082047
16082048
16082049
16082050
16082051
16082052
16082053
16082054
16082055
16082056
16082057
16082058
16083004
16083005
16083006
16083007
16083008
16083009
16083010
16083011
16083012
16083013
16083014
16083015
16083016
16083017
16083018
16083019
16083022
16083041
16083042
16083043
16083044
16083045
16083046
16083048
16083049
16083050
16083052
16083053
16083054
16083055
16083056
16083057
16083058
16083059
16083060
16083061
16083069
16085005
16085006
16085007
16085008
16085009
16085011
16085012
16085013
16085014
16085023
16085024
16085025
16085026
16085027
16085028
16085029
16085030
16085031
16085032
16085033
16085035
16085036
16085037
16085038
16085051
16085052
16085054
16085055
16085056
16085057
16085058
16085061
16085062
16085063
16085065
16085067
16085069
16085070
16085071
16085072
16085073
16085074
16086001
16086002
16086003
16086004
16086005
16086006
16086007
16086008
16086024
16086025
16086026
16086027
16086028
16086030
16086031
16086032
16086033
16086034
16086035
16086036
16086037
16086038
16086039
16086040
16086041
16086042
16086043
16086050
16086051
16086052
16086053
16086054
16087001
16087002
16087003
16087004
16087005
16087006
16087007
16087008
16087009
16087010
16087011
16087019
16087020
16087021
16087022
16087023
16087024
16087025
16087026
16087027
16087028
16087029
16087030
16087031
16087032
16087033
16087034
16087041
16087042
16087043
16087044
16087045
16087046
16087047
16087048
16087049
16087050
16087051
16087052
16087053
16087054
16087055
16089001
16089002
16089003
16089004
16089005
16089006
16089007
16089015
16089016
16089017
16089018
16089019
16089020
16089024
16089025
16089026
16089027
16089028
16089029
16089030
16089031
16089032
16089041
16089042
16089043
16089044
16089045
16089046
16089047
16089048
16089049
16089050
16089051
16089052
16089053
16089054
16092031
16092033
16092034
16092035
16092036
