16066033 0 1
16066035 1 1
16066050 2 1
16066051 3 1
16066052 4 1
16066053 5 1
16066054 6 1
16066055 7 1
16066059 8 1
16066060 9 1
16067001 10 1
16067003 11 1
16067004 12 1
16067005 13 1
16067006 14 1
16067015 15 1
16067016 16 1
16067017 17 1
16067019 18 1
16067020 19 1
16067021 20 1
16067022 21 1
16068022 22 1
16068023 23 1
16068024 24 1
16068025 25 1
16068028 26 1
16068029 27 1
16068030 28 1
16068032 29 1
16068034 30 1
16068035 31 1
16068036 32 1
16068037 33 1
16068038 34 1
16068039 35 1
16068040 36 1
16068042 37 1
16068057 38 1
16068058 39 1
16069001 40 1
16069002 41 1
16069003 42 1
16069004 43 1
16069006 44 1
16069007 45 1
16069008 46 1
16069009 47 1
16069010 48 1
16069011 49 1
16069012 50 1
16069013 51 1
16069016 52 1
16069025 53 1
16069026 54 1
16069027 55 1
16069028 56 1
16069029 57 1
16069030 58 1
16069031 59 1
16069032 60 1
16069033 61 1
16069034 62 1
16069035 63 1
16069036 64 1
16069038 65 1
16069039 66 1
16069040 67 1
16069041 68 1
16069042 69 1
16069054 70 1
16069055 71 1
16069060 72 1
16069061 73 1
16069062 74 1
16069063 75 1
16069064 76 1
16069065 77 1
16069066 78 1
16070004 79 1
16070005 80 1
16070006 81 1
16070008 82 1
16070009 83 1
16070010 84 1
16070012 85 1
16070013 86 1
16070014 87 1
16070015 88 1
16071002 89 1
16071003 90 1
16071006 91 1
16071007 92 1
16071010 93 1
16071016 94 1
16071018 95 1
16071021 96 1
16071022 97 1
16071023 98 1
16071024 99 1
16071025 100 1
16071026 101 1
16071027 102 1
16071046 103 1
16071051 104 1
16071052 105 1
16071053 106 1
16071054 107 1
16071055 108 1
16071056 109 1
16071058 110 1
16071059 111 1
16071060 112 1
16071061 113 1
16071062 114 1
16071077 115 1
16071078 116 1
16071079 117 1
16072001 118 1
16072002 119 1
16072003 120 1
16072006 121 1
16072007 122 1
16072008 123 1
16072009 124 1
16072010 125 1
16072012 126 1
16072013 127 1
16072014 128 1
16072023 129 1
16072024 130 1
16072025 131 1
16072026 132 1
16072027 133 1
16072033 134 1
16072034 135 1
16072035 136 1
16072036 137 1
16072038 138 1
16072039 139 1
16072040 140 1
16072041 141 1
16072042 142 1
16072043 143 1
16072057 144 1
16072058 145 1
16072059 146 1
16072060 147 1
16072061 148 1
16072062 149 1
16073001 150 1
16073017 151 1
16073018 152 1
16073019 153 1
16073020 154 1
16073021 155 1
16073031 156 1
16073032 157 1
16073033 158 1
16073034 159 1
16073035 160 1
16073037 161 1
16073038 162 1
16073039 163 1
16073040 164 1
16077029 165 1
16077030 166 1
16077031 167 1
16077032 168 1
16077033 169 1
16077034 170 1
16077035 171 1
16077036 172 1
16077037 173 1
16077038 174 1
16077039 175 1
16077040 176 1
16077041 177 1
16077043 178 1
16077044 179 1
16077045 180 1
16077046 181 1
16077047 182 1
16077055 183 1
16078001 184 1
16078002 185 1
16078003 186 1
16078004 187 1
16078005 188 1
16078006 189 1
16078007 190 1
16078008 191 1
16078009 192 1
16078011 193 1
16078012 194 1
16078013 195 1
16078014 196 1
16078029 197 1
16078030 198 1
16078031 199 1
16078032 200 1
16078033 201 1
16078034 202 1
16078035 203 1
16078036 204 1
16078037 205 1
16078038 206 1
16078039 207 1
16078040 208 1
16078041 209 1
16078042 210 1
16078056 211 1
16079001 212 1
16079002 213 1
16079013 214 1
16079014 215 1
16079015 216 1
16079016 217 1
16079017 218 1
16079018 219 1
16079019 220 1
16079020 221 1
16079021 222 1
16079022 223 1
16079023 224 1
16079024 225 1
16079027 226 1
16079029 227 1
16079030 228 1
16079031 229 1
16079032 230 1
16079033 231 1
16079034 232 1
16079035 233 1
16079036 234 1
16079047 235 1
16079054 236 1
16079058 237 1
16079059 238 1
16079060 239 1
16079061 240 1
16079062 241 1
16079063 242 1
16080001 243 1
16080002 244 1
16080003 245 1
16080004 246 1
16080005 247 1
16080006 248 1
16080014 249 1
16080015 250 1
16080016 251 1
16080021 252 1
16080022 253 1
16080023 254 1
16080024 255 1
16080025 256 1
16080026 257 1
16080027 258 1
16080028 259 1
16080029 260 1
16080030 261 1
16080031 262 1
16080032 263 1
16080033 264 1
16080045 265 1
16080046 266 1
16080047 267 1
16080048 268 1
16080049 269 1
16080050 270 1
16080051 271 1
16080052 272 1
16080053 273 1
16080054 274 1
16080055 275 1
16081001 276 1
16081002 277 1
16081003 278 1
16081015 279 1
16081016 280 1
16081017 281 1
16081018 282 1
16081019 283 1
16081020 284 1
16081021 285 1
16081022 286 1
16081023 287 1
16081024 288 1
16081025 289 1
16081037 290 1
16081049 291 1
16081050 292 1
16081052 293 1
16081053 294 1
16081054 295 1
16081055 296 1
16081056 297 1
16081057 298 1
16081058 299 1
16081059 300 1
16081060 301 1
16081061 302 1
16082001 303 1
16082002 304 1
16082018 305 1
16082019 306 1
16082022 307 1
16082023 308 1
16082024 309 1
16082025 310 1
16082026 311 1
16082027 312 1
16082028 313 1
16082029 314 1
16082040 315 1
16082041 316 1
16082042 317 1
16082043 318 1
16082044 319 1
16082045 320 1
16082046 321 1
16082047 322 1
16082048 323 1
16082049 324 1
16082050 325 1
16082051 326 1
16082052 327 1
16082053 328 1
16082054 329 1
16082055 330 1
16082056 331 1
16082057 332 1
16083006 333 1
16083007 334 1
16083008 335 1
16083009 336 1
16083010 337 1
16083011 338 1
16083012 339 1
16083013 340 1
16083014 341 1
16083015 342 1
16083016 343 1
16083017 344 1
16083018 345 1
16083019 346 1
16083043 347 1
16083044 348 1
16083045 349 1
16083046 350 1
16083048 351 1
16083049 352 1
16083050 353 1
16083052 354 1
16083053 355 1
16083054 356 1
16083055 357 1
16083056 358 1
16083057 359 1
16083058 360 1
16083059 361 1
16083060 362 1
16084004 363 1
16084006 364 1
16084007 365 1
16084008 366 1
16084009 367 1
16084010 368 1
16084011 369 1
16084012 370 1
16084013 371 1
16084014 372 1
16084015 373 1
16085009 374 1
16085011 375 1
16085012 376 1
16085013 377 1
16085014 378 1
16085024 379 1
16085025 380 1
16085026 381 1
16085027 382 1
16085028 383 1
16085029 384 1
16085030 385 1
16085031 386 1
16085032 387 1
16085033 388 1
16085035 389 1
16085036 390 1
16085037 391 1
16085054 392 1
16085055 393 1
16085056 394 1
16085057 395 1
16085058 396 1
16085062 397 1
16085063 398 1
16085065 399 1
16085067 400 1
16085069 401 1
16085070 402 1
16085071 403 1
16085072 404 1
16085073 405 1
16085074 406 1
16086001 407 1
16086002 408 1
16086003 409 1
16086004 410 1
16086005 411 1
16086006 412 1
16086007 413 1
16086008 414 1
16086026 415 1
16086027 416 1
16086028 417 1
16086030 418 1
16086031 419 1
16086032 420 1
16086033 421 1
16086034 422 1
16086035 423 1
16086036 424 1
16086037 425 1
16086038 426 1
16086039 427 1
16086040 428 1
16086041 429 1
16086042 430 1
16086052 431 1
16086053 432 1
16086054 433 1
16087001 434 1
16087002 435 1
16087003 436 1
16087004 437 1
16087005 438 1
16087006 439 1
16087007 440 1
16087008 441 1
16087009 442 1
16087010 443 1
16087011 444 1
16087021 445 1
16087022 446 1
16087023 447 1
16087024 448 1
16087025 449 1
16087026 450 1
16087027 451 1
16087028 452 1
16087029 453 1
16087030 454 1
16087031 455 1
16087032 456 1
16087033 457 1
16087043 458 1
16087044 459 1
16087045 460 1
16087046 461 1
16087047 462 1
16087048 463 1
16087049 464 1
16087050 465 1
16087051 466 1
16087052 467 1
16087053 468 1
16087054 469 1
16087055 470 1
16088001 471 1
16088017 472 1
16088018 473 1
16088019 474 1
16088020 475 1
16088021 476 1
16088022 477 1
16088023 478 1
16088025 479 1
16088026 480 1
16088027 481 1
16088028 482 1
16088029 483 1
16088030 484 1
16088031 485 1
16088041 486 1
16088042 487 1
16088043 488 1
16088044 489 1
16088045 490 1
16088046 491 1
16088047 492 1
16088048 493 1
16088049 494 1
16088050 495 1
16089001 496 1
16089002 497 1
16089003 498 1
16089004 499 1
16089005 500 1
16089016 501 1
16089017 502 1
16089018 503 1
16089019 504 1
16089020 505 1
16089024 506 1
16089025 507 1
16089026 508 1
16089027 509 1
16089028 510 1
16089029 511 1
16089030 512 1
16089031 513 1
16089043 514 1
16089044 515 1
16089045 516 1
16089046 517 1
16089047 518 1
16089048 519 1
16089049 520 1
16089050 521 1
16089051 522 1
16089052 523 1
16089053 524 1
16089054 525 1
16090001 526 1
16090002 527 1
16090003 528 1
16090004 529 1
16090005 530 1
16090017 531 1
16090018 532 1
16090019 533 1
16090020 534 1
16090021 535 1
16090022 536 1
16090023 537 1
16090024 538 1
16090025 539 1
16090026 540 1
16090027 541 1
16090028 542 1
16090029 543 1
16090030 544 1
16090039 545 1
16090042 546 1
16090045 547 1
16090046 548 1
16090047 549 1
16090048 550 1
16090049 551 1
16090050 552 1
16090051 553 1
16090052 554 1
16090053 555 1
16091005 556 1
16091006 557 1
16091007 558 1
16091008 559 1
16091009 560 1
16091010 561 1
16091011 562 1
16091012 563 1
16091013 564 1
16091014 565 1
16091056 566 1
16091057 567 1
16091060 568 1
16091061 569 1
16091062 570 1
16091063 571 1
16092001 572 1
16092002 573 1
16092003 574 1
16092016 575 1
16092017 576 1
16092018 577 1
16092019 578 1
16092020 579 1
16092021 580 1
16092022 581 1
16092023 582 1
16092034 583 1
16092035 584 1
16092036 585 1
16092037 586 1
16092040 587 1
16092042 588 1
16092044 589 1
16092048 590 1
16092049 591 1
16092050 592 1
16092051 593 1
16092052 594 1
16092053 595 1
16092054 596 1
16092055 597 1
16092065 598 1
16092066 599 1
16092067 600 1
16092068 601 1
16092069 602 1
16092070 603 1
16092071 604 1
16093001 605 1
16093002 606 1
16093003 607 1
16093004 608 1
16093012 609 1
16093013 610 1
16093014 611 1
16093015 612 1
16093016 613 1
16093017 614 1
16093018 615 1
16094017 616 1
16094018 617 1
16094019 618 1
16094020 619 1
16094021 620 1
16094022 621 1
16094023 622 1
16094025 623 1
16094026 624 1
16094027 625 1
16094028 626 1
16094029 627 1
16094030 628 1
16094032 629 1
16094033 630 1
16094034 631 1
16094035 632 1
16094051 633 1
16094052 634 1
16094053 635 1
16094054 636 1
16095005 637 1
16095006 638 1
16095007 639 1
16095008 640 1
16095025 641 1
16095027 642 1
16095028 643 1
16095029 644 1
16095030 645 1
16095031 646 1
16095032 647 1
16095033 648 1
16095034 649 1
16095035 650 1
16095038 651 1
16095039 652 1
16095040 653 1
16095041 654 1
16095042 655 1
16095043 656 1
16095044 657 1
16095045 658 1
16095046 659 1
16095058 660 1
16095059 661 1
16095060 662 1
16095061 663 1
16095062 664 1
16095063 665 1
16095064 666 1
16095065 667 1
16095066 668 1
16095067 669 1
16095069 670 1
16095070 671 1
16095071 672 1
16095072 673 1
16095073 674 1
16095076 675 1
16095078 676 1
16096002 677 1
16096003 678 1
16096004 679 1
16096005 680 1
16096006 681 1
16096007 682 1
16096024 683 1
16096025 684 1
16096026 685 1
16096027 686 1
16096028 687 1
16096029 688 1
16096033 689 1
16096034 690 1
16096064 691 1
16096065 692 1
16096066 693 1
16096067 694 1
16096068 695 1
16096069 696 1
16097001 697 1
16097002 698 1
16097003 699 1
16097004 700 1
16097005 701 1
16097006 702 1
16097007 703 1
16097008 704 1
16097009 705 1
16097010 706 1
16097011 707 1
16097012 708 1
16097013 709 1
16097031 710 1
16097032 711 1
16097033 712 1
16097035 713 1
16097036 714 1
16097037 715 1
16097038 716 1
16097039 717 1
16097040 718 1
16097041 719 1
16097044 720 1
16097045 721 1
16097049 722 1
16097050 723 1
16097059 724 1
16097060 725 1
16097064 726 1
16097065 727 1
16097066 728 1
16098001 729 1
16098002 730 1
16098003 731 1
16098004 732 1
16098006 733 1
16098007 734 1
16098008 735 1
16098009 736 1
16098010 737 1
16098011 738 1
16098012 739 1
16098013 740 1
16098014 741 1
16099025 742 1
16099026 743 1
16099027 744 1
16099028 745 1
16099029 746 1
16099030 747 1
16099046 748 1
16099048 749 1
16099049 750 1
16099050 751 1
16099051 752 1
16099054 753 1
16099055 754 1
16099056 755 1
16099057 756 1
16099059 757 1
16099060 758 1
16099061 759 1
16100052 760 1
16100053 761 1
16100054 762 1
16100055 763 1
16100056 764 1
16100072 765 1
16100073 766 1
16100074 767 1
16100075 768 1
16100077 769 1
16100078 770 1
16100079 771 1
16100080 772 1
16100081 773 1
16100082 774 1
16100083 775 1
16100084 776 1
16100085 777 1
16100086 778 1
16100088 779 1
16101006 780 1
16101007 781 1
16101008 782 1
16101009 783 1
16101010 784 1
16101011 785 1
16101013 786 1
16101014 787 1
16101015 788 1
16101016 789 1
16101018 790 1
16101019 791 1
16101020 792 1
16101021 793 1
16101022 794 1
16101035 795 1
16101036 796 1
16101037 797 1
16101038 798 1
16101039 799 1
16101040 800 1
16101041 801 1
16101042 802 1
16101043 803 1
16101044 804 1
16101045 805 1
16101046 806 1
16101047 807 1
16101048 808 1
16102002 809 1
16102003 810 1
16102004 811 1
16102005 812 1
16103004 813 1
16103005 814 1
16103006 815 1
16103007 816 1
16103008 817 1
16103009 818 1
16103010 819 1
16103011 820 1
16103012 821 1
16103013 822 1
16103014 823 1
16103015 824 1
16103016 825 1
16103017 826 1
16103018 827 1
16103032 828 1
16103033 829 1
16103034 830 1
16103035 831 1
16103036 832 1
16103038 833 1
16103039 834 1
16103040 835 1
16103041 836 1
16103042 837 1
16103043 838 1
16103044 839 1
16103045 840 1
16103046 841 1
16103047 842 1
16103048 843 1
16104015 844 1
16104016 845 1
16104017 846 1
16104018 847 1
16104020 848 1
16104021 849 1
16104023 850 1
16104024 851 1
16104025 852 1
16104026 853 1
16104035 854 1
16104046 855 1
16104047 856 1
16104049 857 1
16104050 858 1
16104051 859 1
16104052 860 1
16104053 861 1
16104054 862 1
16104055 863 1
16104056 864 1
16104057 865 1
16104058 866 1
16104059 867 1
16104060 868 1
16105041 869 1
16105042 870 1
16105045 871 1
16105046 872 1
16106001 873 1
16106002 874 1
16106003 875 1
16106004 876 1
16106005 877 1
16106006 878 1
16106007 879 1
16106008 880 1
16106009 881 1
16106017 882 1
16106018 883 1
16106019 884 1
16106020 885 1
16106021 886 1
16106036 887 1
16106049 888 1
16106050 889 1
16106051 890 1
16106052 891 1
16106053 892 1
16106054 893 1
16106058 894 1
16107012 895 1
16107013 896 1
16107014 897 1
16107015 898 1
16107016 899 1
16107018 900 1
16107020 901 1
16107021 902 1
16107022 903 1
16107060 904 1
16107061 905 1
16107062 906 1
16108011 907 1
16108012 908 1
16108013 909 1
16108017 910 1
16108018 911 1
16108019 912 1
16108020 913 1
16108031 914 1
16108032 915 1
16108033 916 1
16108034 917 1
16108035 918 1
16108036 919 1
16108037 920 1
16108038 921 1
16108039 922 1
16108040 923 1
16108041 924 1
16108042 925 1
16108043 926 1
16108044 927 1
16108056 928 1
16108057 929 1
16108058 930 1
16109001 931 1
16109002 932 1
16109003 933 1
16109005 934 1
16109006 935 1
16109007 936 1
16109008 937 1
16109009 938 1
16109010 939 1
16109011 940 1
16109012 941 1
16109013 942 1
16109014 943 1
16109025 944 1
16109026 945 1
16109027 946 1
16109028 947 1
16109029 948 1
16109030 949 1
16109031 950 1
16109032 951 1
16109033 952 1
16109034 953 1
16109037 954 1
16109038 955 1
16109039 956 1
16109049 957 1
16109050 958 1
16109051 959 1
16109052 960 1
16109053 961 1
16109054 962 1
16109056 963 1
16109057 964 1
16109058 965 1
16109059 966 1
16109060 967 1
16109061 968 1
16110001 969 1
16110002 970 1
16110009 971 1
16110010 972 1
16110011 973 1
16110012 974 1
16110013 975 1
16110014 976 1
16110015 977 1
16110016 978 1
16110017 979 1
16110018 980 1
16110019 981 1
16110020 982 1
16110021 983 1
16110036 984 1
16110037 985 1
16110038 986 1
16110039 987 1
16110040 988 1
16110041 989 1
16110042 990 1
16111001 991 1
16111002 992 1
16111003 993 1
16111004 994 1
16111005 995 1
16111026 996 1
16111027 997 1
16111028 998 1
16111029 999 1
16111030 1000 1
16111031 1001 1
16111032 1002 1
16111033 1003 1
16111034 1004 1
16111035 1005 1
16111036 1006 1
16111037 1007 1
16111038 1008 1
16111039 1009 1
16111040 1010 1
16111041 1011 1
16111042 1012 1
16111043 1013 1
16111050 1014 1
16112001 1015 1
16112002 1016 1
16112003 1017 1
16112004 1018 1
16112005 1019 1
16112006 1020 1
16112007 1021 1
16112008 1022 1
16112009 1023 1
16112010 1024 1
16112011 1025 1
16112012 1026 1
16112013 1027 1
16113012 1028 1
16113014 1029 1
16113015 1030 1
16113016 1031 1
16113017 1032 1
16113018 1033 1
16113019 1034 1
16113020 1035 1
16113021 1036 1
16113022 1037 1
16113028 1038 1
16113029 1039 1
16113041 1040 1
16113042 1041 1
16113043 1042 1
16113044 1043 1
16113045 1044 1
16113048 1045 1
16113049 1046 1
16113050 1047 1
16113051 1048 1
16113052 1049 1
16113053 1050 1
16113054 1051 1
16113055 1052 1
16113056 1053 1
16114003 1054 1
16114004 1055 1
16114005 1056 1
16114006 1057 1
16114008 1058 1
16114009 1059 1
16114010 1060 1
16114011 1061 1
16114012 1062 1
16114013 1063 1
16114014 1064 1
16114015 1065 1
16114016 1066 1
16114017 1067 1
16114018 1068 1
16114027 1069 1
16114028 1070 1
16114029 1071 1
16114030 1072 1
16114031 1073 1
16114032 1074 1
16114033 1075 1
16114036 1076 1
16114047 1077 1
16114048 1078 1
16114049 1079 1
16115001 1080 1
16115002 1081 1
16115004 1082 1
16115005 1083 1
16115006 1084 1
16115007 1085 1
16115008 1086 1
16115009 1087 1
16115010 1088 1
16115011 1089 1
16115012 1090 1
16115018 1091 1
16115019 1092 1
16115021 1093 1
16115022 1094 1
16115029 1095 1
16115030 1096 1
16115032 1097 1
16115033 1098 1
16115034 1099 1
16115036 1100 1
16115037 1101 1
16115039 1102 1
16115040 1103 1
16115041 1104 1
16115042 1105 1
16115044 1106 1
16115045 1107 1
16115046 1108 1
16115047 1109 1
16115048 1110 1
16115054 1111 1
16115055 1112 1
16115056 1113 1
16115057 1114 1
16115058 1115 1
16115059 1116 1
16115060 1117 1
16115061 1118 1
16115062 1119 1
16115063 1120 1
16115064 1121 1
16115065 1122 1
16115066 1123 1
16116001 1124 1
16116002 1125 1
16116008 1126 1
16116009 1127 1
16116010 1128 1
16116011 1129 1
16116012 1130 1
16116013 1131 1
16116014 1132 1
16116016 1133 1
16116017 1134 1
16116019 1135 1
16116020 1136 1
16116021 1137 1
16116022 1138 1
16116023 1139 1
16116024 1140 1
16116025 1141 1
16116033 1142 1
16116034 1143 1
16116035 1144 1
16116036 1145 1
16116037 1146 1
16116038 1147 1
16116039 1148 1
16116040 1149 1
16116041 1150 1
16116042 1151 1
16116043 1152 1
16116044 1153 1
16116045 1154 1
16116046 1155 1
16116047 1156 1
16116048 1157 1
16116049 1158 1
16116053 1159 1
16116054 1160 1
16116055 1161 1
16117001 1162 1
16117002 1163 1
16117003 1164 1
16117004 1165 1
16117005 1166 1
16117006 1167 1
16117007 1168 1
16117012 1169 1
16117013 1170 1
16117014 1171 1
16117017 1172 1
16117018 1173 1
16117019 1174 1
