16066033 0 100 100 2500
16066035 1 100 100 2500
16066050 2 100 100 2500
16066051 3 100 100 2500
16066052 4 100 100 2500
16066053 5 100 100 2500
16066054 6 100 100 2500
16066055 7 100 100 2500
16066059 8 100 100 2500
16066060 9 100 100 2500
16067001 10 100 100 2500
16067003 11 100 100 2500
16067004 12 100 100 2500
16067005 13 100 100 2500
16067006 14 100 100 2500
16067015 15 100 100 2500
16067016 16 100 100 2500
16067017 17 100 100 2500
16067019 18 100 100 2500
16067020 19 100 100 2500
16067021 20 100 100 2500
16067022 21 100 100 2500
16068022 22 100 100 2500
16068023 23 100 100 2500
16068024 24 100 100 2500
16068025 25 100 100 2500
16068028 26 100 100 2500
16068029 27 100 100 2500
16068030 28 100 100 2500
16068032 29 100 100 2500
16068034 30 100 100 2500
16068035 31 100 100 2500
16068036 32 100 100 2500
16068037 33 100 100 2500
16068038 34 100 100 2500
16068039 35 100 100 2500
16068040 36 100 100 2500
16068042 37 100 100 2500
16068057 38 100 100 2500
16068058 39 100 100 2500
16069001 40 100 100 2500
16069002 41 100 100 2500
16069003 42 100 100 2500
16069004 43 100 100 2500
16069006 44 100 100 2500
16069007 45 100 100 2500
16069008 46 100 100 2500
16069009 47 100 100 2500
16069010 48 100 100 2500
16069011 49 100 100 2500
16069012 50 100 100 2500
16069013 51 100 100 2500
16069016 52 100 100 2500
16069025 53 100 100 2500
16069026 54 100 100 2500
16069027 55 100 100 2500
16069028 56 100 100 2500
16069029 57 100 100 2500
16069030 58 100 100 2500
16069031 59 100 100 2500
16069032 60 100 100 2500
16069033 61 100 100 2500
16069034 62 100 100 2500
16069035 63 100 100 2500
16069036 64 100 100 2500
16069038 65 100 100 2500
16069039 66 100 100 2500
16069040 67 100 100 2500
16069041 68 100 100 2500
16069042 69 100 100 2500
16069054 70 100 100 2500
16069055 71 100 100 2500
16069060 72 100 100 2500
16069061 73 100 100 2500
16069062 74 100 100 2500
16069063 75 100 100 2500
16069064 76 100 100 2500
16069065 77 100 100 2500
16069066 78 100 100 2500
16070004 79 100 100 2500
16070005 80 100 100 2500
16070006 81 100 100 2500
16070008 82 100 100 2500
16070009 83 100 100 2500
16070010 84 100 100 2500
16070012 85 100 100 2500
16070013 86 100 100 2500
16070014 87 100 100 2500
16070015 88 100 100 2500
16071002 89 100 100 2500
16071003 90 100 100 2500
16071006 91 100 100 2500
16071007 92 100 100 2500
16071010 93 100 100 2500
16071016 94 100 100 2500
16071018 95 100 100 2500
16071021 96 100 100 2500
16071022 97 100 100 2500
16071023 98 100 100 2500
16071024 99 100 100 2500
16071025 100 100 100 2500
16071026 101 100 100 2500
16071027 102 100 100 2500
16071046 103 100 100 2500
16071051 104 100 100 2500
16071052 105 100 100 2500
16071053 106 100 100 2500
16071054 107 100 100 2500
16071055 108 100 100 2500
16071056 109 100 100 2500
16071058 110 100 100 2500
16071059 111 100 100 2500
16071060 112 100 100 2500
16071061 113 100 100 2500
16071062 114 100 100 2500
16071077 115 100 100 2500
16071078 116 100 100 2500
16071079 117 100 100 2500
16072001 118 100 100 2500
16072002 119 100 100 2500
16072003 120 100 100 2500
16072006 121 100 100 2500
16072007 122 100 100 2500
16072008 123 100 100 2500
16072009 124 100 100 2500
16072010 125 100 100 2500
16072012 126 100 100 2500
16072013 127 100 100 2500
16072014 128 100 100 2500
16072023 129 100 100 2500
16072024 130 100 100 2500
16072025 131 100 100 2500
16072026 132 100 100 2500
16072027 133 100 100 2500
16072033 134 100 100 2500
16072034 135 100 100 2500
16072035 136 100 100 2500
16072036 137 100 100 2500
16072038 138 100 100 2500
16072039 139 100 100 2500
16072040 140 100 100 2500
16072041 141 100 100 2500
16072042 142 100 100 2500
16072043 143 100 100 2500
16072057 144 100 100 2500
16072058 145 100 100 2500
16072059 146 100 100 2500
16072060 147 100 100 2500
16072061 148 100 100 2500
16072062 149 100 100 2500
16073001 150 100 100 2500
16073017 151 100 100 2500
16073018 152 100 100 2500
16073019 153 100 100 2500
16073020 154 100 100 2500
16073021 155 100 100 2500
16073031 156 100 100 2500
16073032 157 100 100 2500
16073033 158 100 100 2500
16073034 159 100 100 2500
16073035 160 100 100 2500
16073037 161 100 100 2500
16073038 162 100 100 2500
16073039 163 100 100 2500
16073040 164 100 100 2500
16077029 165 100 100 2500
16077030 166 100 100 2500
16077031 167 100 100 2500
16077032 168 100 100 2500
16077033 169 100 100 2500
16077034 170 100 100 2500
16077035 171 100 100 2500
16077036 172 100 100 2500
16077037 173 100 100 2500
16077038 174 100 100 2500
16077039 175 100 100 2500
16077040 176 100 100 2500
16077041 177 100 100 2500
16077043 178 100 100 2500
16077044 179 100 100 2500
16077045 180 100 100 2500
16077046 181 100 100 2500
16077047 182 100 100 2500
16077055 183 100 100 2500
16078001 184 100 100 2500
16078002 185 100 100 2500
16078003 186 100 100 2500
16078004 187 100 100 2500
16078005 188 100 100 2500
16078006 189 100 100 2500
16078007 190 100 100 2500
16078008 191 100 100 2500
16078009 192 100 100 2500
16078011 193 100 100 2500
16078012 194 100 100 2500
16078013 195 100 100 2500
16078014 196 100 100 2500
16078029 197 100 100 2500
16078030 198 100 100 2500
16078031 199 100 100 2500
16078032 200 100 100 2500
16078033 201 100 100 2500
16078034 202 100 100 2500
16078035 203 100 100 2500
16078036 204 100 100 2500
16078037 205 100 100 2500
16078038 206 100 100 2500
16078039 207 100 100 2500
16078040 208 100 100 2500
16078041 209 100 100 2500
16078042 210 100 100 2500
16078056 211 100 100 2500
16079001 212 100 100 2500
16079002 213 100 100 2500
16079013 214 100 100 2500
16079014 215 100 100 2500
16079015 216 100 100 2500
16079016 217 100 100 2500
16079017 218 100 100 2500
16079018 219 100 100 2500
16079019 220 100 100 2500
16079020 221 100 100 2500
16079021 222 100 100 2500
16079022 223 100 100 2500
16079023 224 100 100 2500
16079024 225 100 100 2500
16079027 226 100 100 2500
16079029 227 100 100 2500
16079030 228 100 100 2500
16079031 229 100 100 2500
16079032 230 100 100 2500
16079033 231 100 100 2500
16079034 232 100 100 2500
16079035 233 100 100 2500
16079036 234 100 100 2500
16079047 235 100 100 2500
16079054 236 100 100 2500
16079058 237 100 100 2500
16079059 238 100 100 2500
16079060 239 100 100 2500
16079061 240 100 100 2500
16079062 241 100 100 2500
16079063 242 100 100 2500
16080001 243 100 100 2500
16080002 244 100 100 2500
16080003 245 100 100 2500
16080004 246 100 100 2500
16080005 247 100 100 2500
16080006 248 100 100 2500
16080014 249 100 100 2500
16080015 250 100 100 2500
16080016 251 100 100 2500
16080021 252 100 100 2500
16080022 253 100 100 2500
16080023 254 100 100 2500
16080024 255 100 100 2500
16080025 256 100 100 2500
16080026 257 100 100 2500
16080027 258 100 100 2500
16080028 259 100 100 2500
16080029 260 100 100 2500
16080030 261 100 100 2500
16080031 262 100 100 2500
16080032 263 100 100 2500
16080033 264 100 100 2500
16080045 265 100 100 2500
16080046 266 100 100 2500
16080047 267 100 100 2500
16080048 268 100 100 2500
16080049 269 100 100 2500
16080050 270 100 100 2500
16080051 271 100 100 2500
16080052 272 100 100 2500
16080053 273 100 100 2500
16080054 274 100 100 2500
16080055 275 100 100 2500
16081001 276 100 100 2500
16081002 277 100 100 2500
16081003 278 100 100 2500
16081015 279 100 100 2500
16081016 280 100 100 2500
16081017 281 100 100 2500
16081018 282 100 100 2500
16081019 283 100 100 2500
16081020 284 100 100 2500
16081021 285 100 100 2500
16081022 286 100 100 2500
16081023 287 100 100 2500
16081024 288 100 100 2500
16081025 289 100 100 2500
16081037 290 100 100 2500
16081049 291 100 100 2500
16081050 292 100 100 2500
16081052 293 100 100 2500
16081053 294 100 100 2500
16081054 295 100 100 2500
16081055 296 100 100 2500
16081056 297 100 100 2500
16081057 298 100 100 2500
16081058 299 100 100 2500
16081059 300 100 100 2500
16081060 301 100 100 2500
16081061 302 100 100 2500
16082001 303 100 100 2500
16082002 304 100 100 2500
16082018 305 100 100 2500
16082019 306 100 100 2500
16082022 307 100 100 2500
16082023 308 100 100 2500
16082024 309 100 100 2500
16082025 310 100 100 2500
16082026 311 100 100 2500
16082027 312 100 100 2500
16082028 313 100 100 2500
16082029 314 100 100 2500
16082040 315 100 100 2500
16082041 316 100 100 2500
16082042 317 100 100 2500
16082043 318 100 100 2500
16082044 319 100 100 2500
16082045 320 100 100 2500
16082046 321 100 100 2500
16082047 322 100 100 2500
16082048 323 100 100 2500
16082049 324 100 100 2500
16082050 325 100 100 2500
16082051 326 100 100 2500
16082052 327 100 100 2500
16082053 328 100 100 2500
16082054 329 100 100 2500
16082055 330 100 100 2500
16082056 331 100 100 2500
16082057 332 100 100 2500
16083006 333 100 100 2500
16083007 334 100 100 2500
16083008 335 100 100 2500
16083009 336 100 100 2500
16083010 337 100 100 2500
16083011 338 100 100 2500
16083012 339 100 100 2500
16083013 340 100 100 2500
16083014 341 100 100 2500
16083015 342 100 100 2500
16083016 343 100 100 2500
16083017 344 100 100 2500
16083018 345 100 100 2500
16083019 346 100 100 2500
16083043 347 100 100 2500
16083044 348 100 100 2500
16083045 349 100 100 2500
16083046 350 100 100 2500
16083048 351 100 100 2500
16083049 352 100 100 2500
16083050 353 100 100 2500
16083052 354 100 100 2500
16083053 355 100 100 2500
16083054 356 100 100 2500
16083055 357 100 100 2500
16083056 358 100 100 2500
16083057 359 100 100 2500
16083058 360 100 100 2500
16083059 361 100 100 2500
16083060 362 100 100 2500
16084004 363 100 100 2500
16084006 364 100 100 2500
16084007 365 100 100 2500
16084008 366 100 100 2500
16084009 367 100 100 2500
16084010 368 100 100 2500
16084011 369 100 100 2500
16084012 370 100 100 2500
16084013 371 100 100 2500
16084014 372 100 100 2500
16084015 373 100 100 2500
16085009 374 100 100 2500
16085011 375 100 100 2500
16085012 376 100 100 2500
16085013 377 100 100 2500
16085014 378 100 100 2500
16085024 379 100 100 2500
16085025 380 100 100 2500
16085026 381 100 100 2500
16085027 382 100 100 2500
16085028 383 100 100 2500
16085029 384 100 100 2500
16085030 385 100 100 2500
16085031 386 100 100 2500
16085032 387 100 100 2500
16085033 388 100 100 2500
16085035 389 100 100 2500
16085036 390 100 100 2500
16085037 391 100 100 2500
16085054 392 100 100 2500
16085055 393 100 100 2500
16085056 394 100 100 2500
16085057 395 100 100 2500
16085058 396 100 100 2500
16085062 397 100 100 2500
16085063 398 100 100 2500
16085065 399 100 100 2500
16085067 400 100 100 2500
16085069 401 100 100 2500
16085070 402 100 100 2500
16085071 403 100 100 2500
16085072 404 100 100 2500
16085073 405 100 100 2500
16085074 406 100 100 2500
16086001 407 100 100 2500
16086002 408 100 100 2500
16086003 409 100 100 2500
16086004 410 100 100 2500
16086005 411 100 100 2500
16086006 412 100 100 2500
16086007 413 100 100 2500
16086008 414 100 100 2500
16086026 415 100 100 2500
16086027 416 100 100 2500
16086028 417 100 100 2500
16086030 418 100 100 2500
16086031 419 100 100 2500
16086032 420 100 100 2500
16086033 421 100 100 2500
16086034 422 100 100 2500
16086035 423 100 100 2500
16086036 424 100 100 2500
16086037 425 100 100 2500
16086038 426 100 100 2500
16086039 427 100 100 2500
16086040 428 100 100 2500
16086041 429 100 100 2500
16086042 430 100 100 2500
16086052 431 100 100 2500
16086053 432 100 100 2500
16086054 433 100 100 2500
16087001 434 100 100 2500
16087002 435 100 100 2500
16087003 436 100 100 2500
16087004 437 100 100 2500
16087005 438 100 100 2500
16087006 439 100 100 2500
16087007 440 100 100 2500
16087008 441 100 100 2500
16087009 442 100 100 2500
16087010 443 100 100 2500
16087011 444 100 100 2500
16087021 445 100 100 2500
16087022 446 100 100 2500
16087023 447 100 100 2500
16087024 448 100 100 2500
16087025 449 100 100 2500
16087026 450 100 100 2500
16087027 451 100 100 2500
16087028 452 100 100 2500
16087029 453 100 100 2500
16087030 454 100 100 2500
16087031 455 100 100 2500
16087032 456 100 100 2500
16087033 457 100 100 2500
16087043 458 100 100 2500
16087044 459 100 100 2500
16087045 460 100 100 2500
16087046 461 100 100 2500
16087047 462 100 100 2500
16087048 463 100 100 2500
16087049 464 100 100 2500
16087050 465 100 100 2500
16087051 466 100 100 2500
16087052 467 100 100 2500
16087053 468 100 100 2500
16087054 469 100 100 2500
16087055 470 100 100 2500
16088001 471 100 100 2500
16088017 472 100 100 2500
16088018 473 100 100 2500
16088019 474 100 100 2500
16088020 475 100 100 2500
16088021 476 100 100 2500
16088022 477 100 100 2500
16088023 478 100 100 2500
16088025 479 100 100 2500
16088026 480 100 100 2500
16088027 481 100 100 2500
16088028 482 100 100 2500
16088029 483 100 100 2500
16088030 484 100 100 2500
16088031 485 100 100 2500
16088041 486 100 100 2500
16088042 487 100 100 2500
16088043 488 100 100 2500
16088044 489 100 100 2500
16088045 490 100 100 2500
16088046 491 100 100 2500
16088047 492 100 100 2500
16088048 493 100 100 2500
16088049 494 100 100 2500
16088050 495 100 100 2500
16089001 496 100 100 2500
16089002 497 100 100 2500
16089003 498 100 100 2500
16089004 499 100 100 2500
16089005 500 100 100 2500
16089016 501 100 100 2500
16089017 502 100 100 2500
16089018 503 100 100 2500
16089019 504 100 100 2500
16089020 505 100 100 2500
16089024 506 100 100 2500
16089025 507 100 100 2500
16089026 508 100 100 2500
16089027 509 100 100 2500
16089028 510 100 100 2500
16089029 511 100 100 2500
16089030 512 100 100 2500
16089031 513 100 100 2500
16089043 514 100 100 2500
16089044 515 100 100 2500
16089045 516 100 100 2500
16089046 517 100 100 2500
16089047 518 100 100 2500
16089048 519 100 100 2500
16089049 520 100 100 2500
16089050 521 100 100 2500
16089051 522 100 100 2500
16089052 523 100 100 2500
16089053 524 100 100 2500
16089054 525 100 100 2500
16090001 526 100 100 2500
16090002 527 100 100 2500
16090003 528 100 100 2500
16090004 529 100 100 2500
16090005 530 100 100 2500
16090017 531 100 100 2500
16090018 532 100 100 2500
16090019 533 100 100 2500
16090020 534 100 100 2500
16090021 535 100 100 2500
16090022 536 100 100 2500
16090023 537 100 100 2500
16090024 538 100 100 2500
16090025 539 100 100 2500
16090026 540 100 100 2500
16090027 541 100 100 2500
16090028 542 100 100 2500
16090029 543 100 100 2500
16090030 544 100 100 2500
16090039 545 100 100 2500
16090042 546 100 100 2500
16090045 547 100 100 2500
16090046 548 100 100 2500
16090047 549 100 100 2500
16090048 550 100 100 2500
16090049 551 100 100 2500
16090050 552 100 100 2500
16090051 553 100 100 2500
16090052 554 100 100 2500
16090053 555 100 100 2500
16091005 556 100 100 2500
16091006 557 100 100 2500
16091007 558 100 100 2500
16091008 559 100 100 2500
16091009 560 100 100 2500
16091010 561 100 100 2500
16091011 562 100 100 2500
16091012 563 100 100 2500
16091013 564 100 100 2500
16091014 565 100 100 2500
16091056 566 100 100 2500
16091057 567 100 100 2500
16091060 568 100 100 2500
16091061 569 100 100 2500
16091062 570 100 100 2500
16091063 571 100 100 2500
16092001 572 100 100 2500
16092002 573 100 100 2500
16092003 574 100 100 2500
16092016 575 100 100 2500
16092017 576 100 100 2500
16092018 577 100 100 2500
16092019 578 100 100 2500
16092020 579 100 100 2500
16092021 580 100 100 2500
16092022 581 100 100 2500
16092023 582 100 100 2500
16092034 583 100 100 2500
16092035 584 100 100 2500
16092036 585 100 100 2500
16092037 586 100 100 2500
16092040 587 100 100 2500
16092042 588 100 100 2500
16092044 589 100 100 2500
16092048 590 100 100 2500
16092049 591 100 100 2500
16092050 592 100 100 2500
16092051 593 100 100 2500
16092052 594 100 100 2500
16092053 595 100 100 2500
16092054 596 100 100 2500
16092055 597 100 100 2500
16092065 598 100 100 2500
16092066 599 100 100 2500
16092067 600 100 100 2500
16092068 601 100 100 2500
16092069 602 100 100 2500
16092070 603 100 100 2500
16092071 604 100 100 2500
16093001 605 100 100 2500
16093002 606 100 100 2500
16093003 607 100 100 2500
16093004 608 100 100 2500
16093012 609 100 100 2500
16093013 610 100 100 2500
16093014 611 100 100 2500
16093015 612 100 100 2500
16093016 613 100 100 2500
16093017 614 100 100 2500
16093018 615 100 100 2500
16094017 616 100 100 2500
16094018 617 100 100 2500
16094019 618 100 100 2500
16094020 619 100 100 2500
16094021 620 100 100 2500
16094022 621 100 100 2500
16094023 622 100 100 2500
16094025 623 100 100 2500
16094026 624 100 100 2500
16094027 625 100 100 2500
16094028 626 100 100 2500
16094029 627 100 100 2500
16094030 628 100 100 2500
16094032 629 100 100 2500
16094033 630 100 100 2500
16094034 631 100 100 2500
16094035 632 100 100 2500
16094051 633 100 100 2500
16094052 634 100 100 2500
16094053 635 100 100 2500
16094054 636 100 100 2500
16095005 637 100 100 2500
16095006 638 100 100 2500
16095007 639 100 100 2500
16095008 640 100 100 2500
16095025 641 100 100 2500
16095027 642 100 100 2500
16095028 643 100 100 2500
16095029 644 100 100 2500
16095030 645 100 100 2500
16095031 646 100 100 2500
16095032 647 100 100 2500
16095033 648 100 100 2500
16095034 649 100 100 2500
16095035 650 100 100 2500
16095038 651 100 100 2500
16095039 652 100 100 2500
16095040 653 100 100 2500
16095041 654 100 100 2500
16095042 655 100 100 2500
16095043 656 100 100 2500
16095044 657 100 100 2500
16095045 658 100 100 2500
16095046 659 100 100 2500
16095058 660 100 100 2500
16095059 661 100 100 2500
16095060 662 100 100 2500
16095061 663 100 100 2500
16095062 664 100 100 2500
16095063 665 100 100 2500
16095064 666 100 100 2500
16095065 667 100 100 2500
16095066 668 100 100 2500
16095067 669 100 100 2500
16095069 670 100 100 2500
16095070 671 100 100 2500
16095071 672 100 100 2500
16095072 673 100 100 2500
16095073 674 100 100 2500
16095076 675 100 100 2500
16095078 676 100 100 2500
16096002 677 100 100 2500
16096003 678 100 100 2500
16096004 679 100 100 2500
16096005 680 100 100 2500
16096006 681 100 100 2500
16096007 682 100 100 2500
16096024 683 100 100 2500
16096025 684 100 100 2500
16096026 685 100 100 2500
16096027 686 100 100 2500
16096028 687 100 100 2500
16096029 688 100 100 2500
16096033 689 100 100 2500
16096034 690 100 100 2500
16096064 691 100 100 2500
16096065 692 100 100 2500
16096066 693 100 100 2500
16096067 694 100 100 2500
16096068 695 100 100 2500
16096069 696 100 100 2500
16097001 697 100 100 2500
16097002 698 100 100 2500
16097003 699 100 100 2500
16097004 700 100 100 2500
16097005 701 100 100 2500
16097006 702 100 100 2500
16097007 703 100 100 2500
16097008 704 100 100 2500
16097009 705 100 100 2500
16097010 706 100 100 2500
16097011 707 100 100 2500
16097012 708 100 100 2500
16097013 709 100 100 2500
16097031 710 100 100 2500
16097032 711 100 100 2500
16097033 712 100 100 2500
16097035 713 100 100 2500
16097036 714 100 100 2500
16097037 715 100 100 2500
16097038 716 100 100 2500
16097039 717 100 100 2500
16097040 718 100 100 2500
16097041 719 100 100 2500
16097044 720 100 100 2500
16097045 721 100 100 2500
16097049 722 100 100 2500
16097050 723 100 100 2500
16097059 724 100 100 2500
16097060 725 100 100 2500
16097064 726 100 100 2500
16097065 727 100 100 2500
16097066 728 100 100 2500
16098001 729 100 100 2500
16098002 730 100 100 2500
16098003 731 100 100 2500
16098004 732 100 100 2500
16098006 733 100 100 2500
16098007 734 100 100 2500
16098008 735 100 100 2500
16098009 736 100 100 2500
16098010 737 100 100 2500
16098011 738 100 100 2500
16098012 739 100 100 2500
16098013 740 100 100 2500
16098014 741 100 100 2500
16099025 742 100 100 2500
16099026 743 100 100 2500
16099027 744 100 100 2500
16099028 745 100 100 2500
16099029 746 100 100 2500
16099030 747 100 100 2500
16099046 748 100 100 2500
16099048 749 100 100 2500
16099049 750 100 100 2500
16099050 751 100 100 2500
16099051 752 100 100 2500
16099054 753 100 100 2500
16099055 754 100 100 2500
16099056 755 100 100 2500
16099057 756 100 100 2500
16099059 757 100 100 2500
16099060 758 100 100 2500
16099061 759 100 100 2500
16100052 760 100 100 2500
16100053 761 100 100 2500
16100054 762 100 100 2500
16100055 763 100 100 2500
16100056 764 100 100 2500
16100072 765 100 100 2500
16100073 766 100 100 2500
16100074 767 100 100 2500
16100075 768 100 100 2500
16100077 769 100 100 2500
16100078 770 100 100 2500
16100079 771 100 100 2500
16100080 772 100 100 2500
16100081 773 100 100 2500
16100082 774 100 100 2500
16100083 775 100 100 2500
16100084 776 100 100 2500
16100085 777 100 100 2500
16100086 778 100 100 2500
16100088 779 100 100 2500
16101006 780 100 100 2500
16101007 781 100 100 2500
16101008 782 100 100 2500
16101009 783 100 100 2500
16101010 784 100 100 2500
16101011 785 100 100 2500
16101013 786 100 100 2500
16101014 787 100 100 2500
16101015 788 100 100 2500
16101016 789 100 100 2500
16101018 790 100 100 2500
16101019 791 100 100 2500
16101020 792 100 100 2500
16101021 793 100 100 2500
16101022 794 100 100 2500
16101035 795 100 100 2500
16101036 796 100 100 2500
16101037 797 100 100 2500
16101038 798 100 100 2500
16101039 799 100 100 2500
16101040 800 100 100 2500
16101041 801 100 100 2500
16101042 802 100 100 2500
16101043 803 100 100 2500
16101044 804 100 100 2500
16101045 805 100 100 2500
16101046 806 100 100 2500
16101047 807 100 100 2500
16101048 808 100 100 2500
16102002 809 100 100 2500
16102003 810 100 100 2500
16102004 811 100 100 2500
16102005 812 100 100 2500
16103004 813 100 100 2500
16103005 814 100 100 2500
16103006 815 100 100 2500
16103007 816 100 100 2500
16103008 817 100 100 2500
16103009 818 100 100 2500
16103010 819 100 100 2500
16103011 820 100 100 2500
16103012 821 100 100 2500
16103013 822 100 100 2500
16103014 823 100 100 2500
16103015 824 100 100 2500
16103016 825 100 100 2500
16103017 826 100 100 2500
16103018 827 100 100 2500
16103032 828 100 100 2500
16103033 829 100 100 2500
16103034 830 100 100 2500
16103035 831 100 100 2500
16103036 832 100 100 2500
16103038 833 100 100 2500
16103039 834 100 100 2500
16103040 835 100 100 2500
16103041 836 100 100 2500
16103042 837 100 100 2500
16103043 838 100 100 2500
16103044 839 100 100 2500
16103045 840 100 100 2500
16103046 841 100 100 2500
16103047 842 100 100 2500
16103048 843 100 100 2500
16104015 844 100 100 2500
16104016 845 100 100 2500
16104017 846 100 100 2500
16104018 847 100 100 2500
16104020 848 100 100 2500
16104021 849 100 100 2500
16104023 850 100 100 2500
16104024 851 100 100 2500
16104025 852 100 100 2500
16104026 853 100 100 2500
16104035 854 100 100 2500
16104046 855 100 100 2500
16104047 856 100 100 2500
16104049 857 100 100 2500
16104050 858 100 100 2500
16104051 859 100 100 2500
16104052 860 100 100 2500
16104053 861 100 100 2500
16104054 862 100 100 2500
16104055 863 100 100 2500
16104056 864 100 100 2500
16104057 865 100 100 2500
16104058 866 100 100 2500
16104059 867 100 100 2500
16104060 868 100 100 2500
16105041 869 100 100 2500
16105042 870 100 100 2500
16105045 871 100 100 2500
16105046 872 100 100 2500
16106001 873 100 100 2500
16106002 874 100 100 2500
16106003 875 100 100 2500
16106004 876 100 100 2500
16106005 877 100 100 2500
16106006 878 100 100 2500
16106007 879 100 100 2500
16106008 880 100 100 2500
16106009 881 100 100 2500
16106017 882 100 100 2500
16106018 883 100 100 2500
16106019 884 100 100 2500
16106020 885 100 100 2500
16106021 886 100 100 2500
16106036 887 100 100 2500
16106049 888 100 100 2500
16106050 889 100 100 2500
16106051 890 100 100 2500
16106052 891 100 100 2500
16106053 892 100 100 2500
16106054 893 100 100 2500
16106058 894 100 100 2500
16107012 895 100 100 2500
16107013 896 100 100 2500
16107014 897 100 100 2500
16107015 898 100 100 2500
16107016 899 100 100 2500
16107018 900 100 100 2500
16107020 901 100 100 2500
16107021 902 100 100 2500
16107022 903 100 100 2500
16107060 904 100 100 2500
16107061 905 100 100 2500
16107062 906 100 100 2500
16108011 907 100 100 2500
16108012 908 100 100 2500
16108013 909 100 100 2500
16108017 910 100 100 2500
16108018 911 100 100 2500
16108019 912 100 100 2500
16108020 913 100 100 2500
16108031 914 100 100 2500
16108032 915 100 100 2500
16108033 916 100 100 2500
16108034 917 100 100 2500
16108035 918 100 100 2500
16108036 919 100 100 2500
16108037 920 100 100 2500
16108038 921 100 100 2500
16108039 922 100 100 2500
16108040 923 100 100 2500
16108041 924 100 100 2500
16108042 925 100 100 2500
16108043 926 100 100 2500
16108044 927 100 100 2500
16108056 928 100 100 2500
16108057 929 100 100 2500
16108058 930 100 100 2500
16109001 931 100 100 2500
16109002 932 100 100 2500
16109003 933 100 100 2500
16109005 934 100 100 2500
16109006 935 100 100 2500
16109007 936 100 100 2500
16109008 937 100 100 2500
16109009 938 100 100 2500
16109010 939 100 100 2500
16109011 940 100 100 2500
16109012 941 100 100 2500
16109013 942 100 100 2500
16109014 943 100 100 2500
16109025 944 100 100 2500
16109026 945 100 100 2500
16109027 946 100 100 2500
16109028 947 100 100 2500
16109029 948 100 100 2500
16109030 949 100 100 2500
16109031 950 100 100 2500
16109032 951 100 100 2500
16109033 952 100 100 2500
16109034 953 100 100 2500
16109037 954 100 100 2500
16109038 955 100 100 2500
16109039 956 100 100 2500
16109049 957 100 100 2500
16109050 958 100 100 2500
16109051 959 100 100 2500
16109052 960 100 100 2500
16109053 961 100 100 2500
16109054 962 100 100 2500
16109056 963 100 100 2500
16109057 964 100 100 2500
16109058 965 100 100 2500
16109059 966 100 100 2500
16109060 967 100 100 2500
16109061 968 100 100 2500
16110001 969 100 100 2500
16110002 970 100 100 2500
16110009 971 100 100 2500
16110010 972 100 100 2500
16110011 973 100 100 2500
16110012 974 100 100 2500
16110013 975 100 100 2500
16110014 976 100 100 2500
16110015 977 100 100 2500
16110016 978 100 100 2500
16110017 979 100 100 2500
16110018 980 100 100 2500
16110019 981 100 100 2500
16110020 982 100 100 2500
16110021 983 100 100 2500
16110036 984 100 100 2500
16110037 985 100 100 2500
16110038 986 100 100 2500
16110039 987 100 100 2500
16110040 988 100 100 2500
16110041 989 100 100 2500
16110042 990 100 100 2500
16111001 991 100 100 2500
16111002 992 100 100 2500
16111003 993 100 100 2500
16111004 994 100 100 2500
16111005 995 100 100 2500
16111026 996 100 100 2500
16111027 997 100 100 2500
16111028 998 100 100 2500
16111029 999 100 100 2500
16111030 1000 100 100 2500
16111031 1001 100 100 2500
16111032 1002 100 100 2500
16111033 1003 100 100 2500
16111034 1004 100 100 2500
16111035 1005 100 100 2500
16111036 1006 100 100 2500
16111037 1007 100 100 2500
16111038 1008 100 100 2500
16111039 1009 100 100 2500
16111040 1010 100 100 2500
16111041 1011 100 100 2500
16111042 1012 100 100 2500
16111043 1013 100 100 2500
16111050 1014 100 100 2500
16112001 1015 100 100 2500
16112002 1016 100 100 2500
16112003 1017 100 100 2500
16112004 1018 100 100 2500
16112005 1019 100 100 2500
16112006 1020 100 100 2500
16112007 1021 100 100 2500
16112008 1022 100 100 2500
16112009 1023 100 100 2500
16112010 1024 100 100 2500
16112011 1025 100 100 2500
16112012 1026 100 100 2500
16112013 1027 100 100 2500
16113012 1028 100 100 2500
16113014 1029 100 100 2500
16113015 1030 100 100 2500
16113016 1031 100 100 2500
16113017 1032 100 100 2500
16113018 1033 100 100 2500
16113019 1034 100 100 2500
16113020 1035 100 100 2500
16113021 1036 100 100 2500
16113022 1037 100 100 2500
16113028 1038 100 100 2500
16113029 1039 100 100 2500
16113041 1040 100 100 2500
16113042 1041 100 100 2500
16113043 1042 100 100 2500
16113044 1043 100 100 2500
16113045 1044 100 100 2500
16113048 1045 100 100 2500
16113049 1046 100 100 2500
16113050 1047 100 100 2500
16113051 1048 100 100 2500
16113052 1049 100 100 2500
16113053 1050 100 100 2500
16113054 1051 100 100 2500
16113055 1052 100 100 2500
16113056 1053 100 100 2500
16114003 1054 100 100 2500
16114004 1055 100 100 2500
16114005 1056 100 100 2500
16114006 1057 100 100 2500
16114008 1058 100 100 2500
16114009 1059 100 100 2500
16114010 1060 100 100 2500
16114011 1061 100 100 2500
16114012 1062 100 100 2500
16114013 1063 100 100 2500
16114014 1064 100 100 2500
16114015 1065 100 100 2500
16114016 1066 100 100 2500
16114017 1067 100 100 2500
16114018 1068 100 100 2500
16114027 1069 100 100 2500
16114028 1070 100 100 2500
16114029 1071 100 100 2500
16114030 1072 100 100 2500
16114031 1073 100 100 2500
16114032 1074 100 100 2500
16114033 1075 100 100 2500
16114036 1076 100 100 2500
16114047 1077 100 100 2500
16114048 1078 100 100 2500
16114049 1079 100 100 2500
16115001 1080 100 100 2500
16115002 1081 100 100 2500
16115004 1082 100 100 2500
16115005 1083 100 100 2500
16115006 1084 100 100 2500
16115007 1085 100 100 2500
16115008 1086 100 100 2500
16115009 1087 100 100 2500
16115010 1088 100 100 2500
16115011 1089 100 100 2500
16115012 1090 100 100 2500
16115018 1091 100 100 2500
16115019 1092 100 100 2500
16115021 1093 100 100 2500
16115022 1094 100 100 2500
16115029 1095 100 100 2500
16115030 1096 100 100 2500
16115032 1097 100 100 2500
16115033 1098 100 100 2500
16115034 1099 100 100 2500
16115036 1100 100 100 2500
16115037 1101 100 100 2500
16115039 1102 100 100 2500
16115040 1103 100 100 2500
16115041 1104 100 100 2500
16115042 1105 100 100 2500
16115044 1106 100 100 2500
16115045 1107 100 100 2500
16115046 1108 100 100 2500
16115047 1109 100 100 2500
16115048 1110 100 100 2500
16115054 1111 100 100 2500
16115055 1112 100 100 2500
16115056 1113 100 100 2500
16115057 1114 100 100 2500
16115058 1115 100 100 2500
16115059 1116 100 100 2500
16115060 1117 100 100 2500
16115061 1118 100 100 2500
16115062 1119 100 100 2500
16115063 1120 100 100 2500
16115064 1121 100 100 2500
16115065 1122 100 100 2500
16115066 1123 100 100 2500
16116001 1124 100 100 2500
16116002 1125 100 100 2500
16116008 1126 100 100 2500
16116009 1127 100 100 2500
16116010 1128 100 100 2500
16116011 1129 100 100 2500
16116012 1130 100 100 2500
16116013 1131 100 100 2500
16116014 1132 100 100 2500
16116016 1133 100 100 2500
16116017 1134 100 100 2500
16116019 1135 100 100 2500
16116020 1136 100 100 2500
16116021 1137 100 100 2500
16116022 1138 100 100 2500
16116023 1139 100 100 2500
16116024 1140 100 100 2500
16116025 1141 100 100 2500
16116033 1142 100 100 2500
16116034 1143 100 100 2500
16116035 1144 100 100 2500
16116036 1145 100 100 2500
16116037 1146 100 100 2500
16116038 1147 100 100 2500
16116039 1148 100 100 2500
16116040 1149 100 100 2500
16116041 1150 100 100 2500
16116042 1151 100 100 2500
16116043 1152 100 100 2500
16116044 1153 100 100 2500
16116045 1154 100 100 2500
16116046 1155 100 100 2500
16116047 1156 100 100 2500
16116048 1157 100 100 2500
16116049 1158 100 100 2500
16116053 1159 100 100 2500
16116054 1160 100 100 2500
16116055 1161 100 100 2500
16117001 1162 100 100 2500
16117002 1163 100 100 2500
16117003 1164 100 100 2500
16117004 1165 100 100 2500
16117005 1166 100 100 2500
16117006 1167 100 100 2500
16117007 1168 100 100 2500
16117012 1169 100 100 2500
16117013 1170 100 100 2500
16117014 1171 100 100 2500
16117017 1172 100 100 2500
16117018 1173 100 100 2500
16117019 1174 100 100 2500
